#Table: J/A+A/425/367/reflex50.dat (http://cdsarc.cds.unistra.fr)
--------------------------------------------------------------------------------------------------------------------------------------------
               |          |n|                    |      |   |       |      |       |     |       |     |   |
               |          |_|                    |      |   |       |      |       |     |       |     |   |
               |          |N|                    |      |   |       |      |       |     |       |     |   |
               |          |a|                    |      |   |       |      |       |     |       |     |   |
               |          |m| R  R        D  D  D|      |  N|       |      |       |     |       |     | No|
   RXC         |Name      |e|Ah Am  RAs  Ed Em Es|     z|gal|   Flux|e_Flux| ObsLum| Aper| LumCor|   NH|tes|r_
---------------|----------|-|--------------------|------|---|-------|------|-------|-----|-------|-----|---|--------------------------------
RXCJ0003.1-0605|A2697     | |00 03 11.8 -06 05 10|0.2320|  0|  4.493|  12.4| 10.256|  7.5| 11.028|  3.1|   |139
RXCJ0003.2-3555|A2717     | |00 03 12.1 -35 55 38|0.0490| 40|  7.537|  17.8|  0.785| 10.0|  0.892|  1.1|   |2
RXCJ0003.8+0203|A2700     | |00 03 50.6 +02 03 48|0.0924|  9|  4.155|  18.8|  1.530|  8.5|  1.663|  3.0|   |S,10
RXCJ0006.0-3443|A2721     | |00 06 03.0 -34 43 27|0.1147| 75|  5.832|  13.6|  3.291| 10.0|  3.501|  1.2|   |1
RXCJ0011.3-2851|A2734     | |00 11 20.7 -28 51 18|0.0620| 83| 12.014|   9.0|  2.007| 12.5|  2.205|  1.8|   |2
RXCJ0013.6-1930|A0013     | |00 13 38.3 -19 30 08|0.0940| 37|  6.071|  11.3|  2.302| 11.5|  2.423|  2.0|   |S,2,140,141
RXCJ0014.3-6604|A2746     | |00 14 18.4 -66 04 39|0.1599|  5|  4.474|  13.8|  4.924|  7.5|  5.352|  2.8|X  |E
RXCJ0014.3-3023|A2744     | |00 14 18.8 -30 23 00|0.3066| 65|  4.964|  18.7| 19.398| 12.0| 19.794|  1.6|   |142,143
RXCJ0015.4-2350|          | |00 15 24.0 -23 50 42|0.0645|  4|  3.426|  18.3|  0.620| 11.5|  0.653|  2.5|X  |33
RXCJ0017.5-3509|A2755     | |00 17 33.7 -35 09 54|0.0968| 23|  3.211|  20.0|  1.301| 11.5|  1.341|  1.3|   |E,3,33,140,141
RXCJ0020.7-2542|A0022     | |00 20 42.8 -25 42 37|0.1410|  3|  5.893|  12.1|  5.003|  7.5|  5.559|  2.3|   |1
RXCJ0025.5-3302|S0041     | |00 25 32.4 -33 02 50|0.0491|  3|  8.818|   9.7|  0.922| 13.0|  1.002|  1.7|   |26,144
RXCJ0027.3-5015|A2777     | |00 27 21.3 -50 15 04|0.1448|  1|  4.286|  17.1|  3.844|  8.5|  4.133|  1.7|   |E,145
RXCJ0028.6-2338|A0042     | |00 28 39.3 -23 38 14|0.1120|  5|  4.836|  13.3|  2.624| 13.0|  2.678|  1.8|   |33
RXCJ0034.6-0208|          | |00 34 36.0 -02 08 24|0.0812|  2|  8.629|   7.9|  2.461| 28.0|  2.511|  2.8|DL |S,139
RXCJ0040.1-5607|A2806     | |00 40 06.5 -56 07 00|0.0277| 20|  4.068|  19.3|  0.135| 13.5|  0.147|  2.2|   |12,18,146
RXCJ0041.8-0918|A0085     | |00 41 50.1 -09 18 07|0.0555|308| 74.144|   3.2|  9.813| 25.0| 10.552|  3.6|L  |130,148,149
RXCJ0042.1-2832|A2811     | |00 42 08.7 -28 32 09|0.1082| 29|  9.774|   9.8|  4.923| 10.0|  5.410|  1.5|   |E,33,96
RXCJ0043.4-2037|A2813     | |00 43 24.4 -20 37 17|0.2924|  7|  3.184|  15.6| 11.363|  8.5| 11.836|  1.5|   |E
RXCJ0049.4-2931|S0084     | |00 49 24.0 -29 31 28|0.1084| 18|  5.228|  16.0|  2.654| 11.0|  2.794|  1.8|   |33,150
RXCJ0052.7-8015|A2837     | |00 52 44.9 -80 15 59|0.1141|  7| 11.264|  21.2|  6.230| 12.5|  6.628|  6.6|   |E
RXCJ0055.9-3732|Cl0053    |a|00 55 59.2 -37 32 51|0.1653| 21|  3.985|  17.3|  4.649| 13.0|  4.696|  2.6|B  |E,1
RXCJ0056.3-0112|A0119     | |00 56 18.3 -01 12 60|0.0442|104| 33.613|   5.3|  2.821| 26.5|  2.939|  3.1|L  |2
RXCJ0057.8-6648|S0112     | |00 57 48.1 -66 48 44|0.0661|  8|  7.225|  36.0|  1.363| 11.5|  1.482|  2.6|   |30,151
RXCJ0102.7-2152|A0133     | |01 02 42.1 -21 52 25|0.0569|  9| 19.031|   6.7|  2.663| 13.0|  2.992|  1.6|   |5,24,152,153
RXCJ0105.5-2439|A0141     | |01 05 34.8 -24 39 17|0.2300|  0|  3.878|  15.7|  8.693|  7.5|  9.347|  1.6|   |1
RXCJ0106.8-0229|A0145     | |01 06 52.4 -02 29 24|0.1909|  1|  3.201|  21.1|  4.983| 14.0|  4.983|  4.1|   |19,154
RXCJ0107.8-3643|A2871     | |01 07 49.1 -36 43 38|0.1186| 19|  3.536|  13.6|  2.154| 12.0|  2.198|  1.9|   |E,2,3,33
RXCJ0108.1+0210|A0147     | |01 08 11.5 +02 10 34|0.0436|  8|  4.369|  16.0|  0.360| 12.0|  0.387|  3.0|   |120,123,156,157
RXCJ0108.8-1524|A0151N    | |01 08 50.1 -15 24 36|0.0533| 63|  6.862|   9.8|  0.847|  8.5|  0.985|  1.7|B  |1,2
RXCJ0108.9-1537|A0151S    | |01 08 55.2 -15 37 44|0.0970| 13|  3.703|  15.3|  1.506| 10.0|  1.585|  1.8|B  |3
RXCJ0110.0-4555|A2877     | |01 10 00.4 -45 55 22|0.0238| 58| 14.005|   8.0|  0.342| 20.0|  0.372|  2.1|L  |12,130,131,146
RXCJ0115.2+0019|A0168     | |01 15 12.0 +00 19 48|0.0450| 76| 10.429|   9.3|  0.914| 20.0|  0.942|  3.3|L  |S,2
RXCJ0117.8-5455|          | |01 17 50.5 -54 55 26|0.2510|  6|  3.054|  33.4|  8.131|  6.5|  8.838|  2.7|X *|E
RXCJ0118.1-2658|A2895     | |01 18 11.1 -26 58 23|0.2275|  4|  3.822|  14.0|  8.376|  7.5|  9.006|  1.6|   |S,96
RXCJ0120.9-1351|CAN 010   |b|01 20 58.9 -13 51 31|0.0519|  7| 12.430|   7.9|  1.448| 15.5|  1.557|  1.9|B  |S,120
RXCJ0125.5+0145|NGC533    | |01 25 30.2 +01 45 44|0.0174| 19|  4.712|  15.9|  0.062| 15.0|  0.069|  3.1|   |E,120
RXCJ0125.6-0124|A0194     | |01 25 40.8 -01 24 26|0.0180|146|  9.713|  14.1|  0.136| 24.0|  0.143|  4.1|L  |158
RXCJ0131.8-1336|A0209     | |01 31 53.0 -13 36 34|0.2060|  2|  5.473|  10.4|  9.861|  9.5| 10.380|  1.6|   |1
RXCJ0132.6-0804|          | |01 32 40.9 -08 04 20|0.1489|  3|  3.772|  11.9|  3.606| 10.0|  3.756|  3.4|X *|E
RXCJ0137.2-0912|          | |01 37 15.4 -09 12 10|0.0409|  5|  7.090|   8.4|  0.512|  9.5|  0.595|  2.8|   |S,120
RXCJ0145.0-5300|A2941     | |01 45 02.3 -53 00 50|0.1168|  4|  6.010|  16.0|  3.520|  7.5|  3.955|  2.3|   |E
RXCJ0145.2-6033|RBS 0238  |c|01 45 16.7 -60 33 54|0.1805| 11|  4.802|  13.4|  6.681|  4.5|  8.248|  3.4|   |E
RXCJ0152.7+0100|A0267     | |01 52 42.3 +01 00 45|0.2300|  1|  3.084|  14.6|  6.953|  5.0|  7.992|  2.8|DB |55,147,159
RXCJ0152.9-1345|NGC0720   | |01 52 59.0 -13 45 12|0.0050|  3|  2.284|  16.4|  0.002| 10.5|  0.003|  1.7|   |12,160,161
RXCJ0157.4-0550|A0281     | |01 57 24.3 -05 50 24|0.1289|  4|  3.277|  14.7|  2.350| 10.0|  2.448|  2.2|D  |E,1
RXCJ0201.7-0212|A0291     | |02 01 44.2 -02 12 03|0.1960|  2|  4.236|  11.5|  6.918|  5.0|  8.139|  2.6|   |S,53,54
RXCJ0202.3-0107|A0295     | |02 02 19.9 -01 07 13|0.0427| 47|  3.586|  13.7|  0.283| 14.0|  0.295|  2.6|   |2,148,162
RXCJ0206.4-1453|A0305     | |02 06 30.0 -14 53 38|0.1529|  2|  2.993|  17.9|  3.022|  6.0|  3.358|  2.5|   |S
RXCJ0211.4-4017|A2984     | |02 11 25.5 -40 17 12|0.1008|  6|  3.222|  11.5|  1.418|  8.0|  1.541|  1.4|   |33
RXCJ0216.7-4749|S0239     | |02 16 42.3 -47 49 24|0.0640|  1|  3.574|  16.9|  0.637| 11.5|  0.671|  3.0|   |5,9,29
RXCJ0217.2-5244|          | |02 17 12.6 -52 44 49|0.3432|  2|  3.641|  15.4| 17.655| 11.5| 17.833|  3.2|   |E
RXCJ0220.9-3829|          | |02 20 56.6 -38 29 05|0.2280|  5|  3.399|  11.8|  7.526|  7.0|  8.092|  1.9|   |E
RXCJ0225.1-2928|          | |02 25 10.5 -29 28 26|0.0604| 17|  4.736|  23.4|  0.753| 12.0|  0.801|  1.7|   |S,96
RXCJ0225.9-4154|A3016     | |02 25 54.6 -41 54 35|0.2195|  1|  5.185|  11.2| 10.494| 11.0| 10.819|  2.1|   |S
RXCJ0229.3-3332|          | |02 29 22.3 -33 32 16|0.0792| 17|  3.837|  12.9|  1.054| 12.5|  1.087|  2.1|P  |S,33
RXCJ0230.7-3305|A3027     | |02 30 43.5 -33 05 55|0.0760| 22|  3.207|  15.7|  0.810| 15.0|  0.818|  2.0|PB |33
RXCJ0231.9+0114|RCS145    |d|02 31 57.1 +01 14 40|0.0221| 10|  2.618|  21.1|  0.056| 14.5|  0.060|  2.9|   |55,64,110
RXCJ0232.2-4420|          | |02 32 16.8 -44 20 51|0.2836|  2|  4.074|  17.7| 13.723|  6.5| 15.080|  2.6|B  |S
RXCJ0236.6-1923|A0367     | |02 36 40.2 -19 23 13|0.0907| 27|  3.434|  14.6|  1.218|  8.5|  1.310|  2.7|   |140,141
RXCJ0237.4-2630|A0368     | |02 37 29.2 -26 30 17|0.2216| 10|  3.076|  15.4|  6.418|  6.5|  6.976|  1.6|   |E
RXCJ0248.0-0332|A0383     | |02 48 02.0 -03 32 15|0.1883|  1|  4.828|  18.3|  7.255| 10.0|  7.557|  4.1|   |S,7,147
RXCJ0249.6-3111|S0301     | |02 49 36.9 -31 11 19|0.0230| 28|  6.979|   8.6|  0.160| 17.0|  0.174|  1.8|L  |14,28,72,96
RXCJ0250.2-2129|          | |02 50 17.2 -21 29 56|0.2070|  2|  3.520|  16.5|  6.440|  6.5|  7.077|  2.5|X *|E
RXCJ0252.8-0116|NGC1132   | |02 52 49.4 -01 16 27|0.0235|  6|  6.028|  16.2|  0.144|  9.5|  0.176|  5.2|   |55,163
RXCJ0301.6+0155|Zw0258.9  |e|03 01 37.2 +01 55 11|0.1712| 14|  4.973|  15.8|  6.201|  6.0|  7.128|  7.7|X  |E
RXCJ0303.3+0155|A0409     | |03 03 21.1 +01 55 35|0.1530|  1|  5.072|  15.1|  5.096|  6.0|  5.857|  7.8|   |53
RXCJ0303.7-7752|          | |03 03 46.4 -77 52 09|0.2742|  8|  3.243|  20.2| 10.223|  6.0| 11.234|  8.9|   |E
RXCJ0304.1-3656|A3084     | |03 04 07.2 -36 56 36|0.2192|  2|  3.010|  15.5|  6.139|  7.0|  6.601|  2.0|   |E
RXCJ0307.0-2840|A3088     | |03 07 04.1 -28 40 14|0.2537| 10|  3.877|  17.3| 10.499|  9.0| 10.936|  1.4|   |E
RXCJ0311.4-2653|A3094     | |03 11 25.0 -26 53 59|0.0685| 23|  2.942|  50.4|  0.601|  8.0|  0.660|  1.6|   |3,17,33,96
RXCJ0314.3-4525|A3104     | |03 14 19.8 -45 25 27|0.0718|  4|  8.255|   9.5|  1.842|  9.5|  2.070|  3.6|   |E
RXCJ0317.9-4414|A3112     | |03 17 58.5 -44 14 20|0.0752| 38| 29.301|   3.9|  7.103| 15.5|  7.721|  2.5|   |S,3,31
RXCJ0322.2-5310|APMCC391  |f|03 22 12.7 -53 10 41|0.0797|  6|  3.099|  10.9|  0.862| 12.0|  0.889|  2.3|   |E
RXCJ0322.3-4121|A3122     | |03 22 18.6 -41 21 34|0.0643| 87|  6.233|   9.7|  1.121| 14.0|  1.168|  2.1|   |3,140,141
RXCJ0328.6-5542|A3126     | |03 28 37.5 -55 42 46|0.0853| 42|  8.441|   7.6|  2.661| 10.0|  2.924|  3.1|   |38,164
RXCJ0330.0-5235|A3128     | |03 30 00.7 -52 35 46|0.0624| 40| 12.707|   5.5|  2.150| 22.0|  2.194|  1.5|DL |3,38,131,165
RXCJ0331.1-2100|          | |03 31 07.3 -21 00 12|0.1880|  9|  4.044|  24.5|  6.056|  4.5|  7.296|  2.5|X *|E
RXCJ0334.9-5342|APMCC421  |f|03 34 56.2 -53 42 08|0.0619|  4|  3.323|  11.9|  0.555| 14.0|  0.572|  1.2|   |24,17,164
RXCJ0336.3-4037|A3140     | |03 36 18.7 -40 37 20|0.1729|  9|  5.619|  15.4|  7.152|  8.0|  7.774|  1.4|   |E
RXCJ0336.3-0347|          | |03 36 22.9 -03 47 29|0.1595|  3|  3.745|  15.9|  4.100|  9.5|  4.271|  4.9|X *|E
RXCJ0337.0-3949|A3142     | |03 36 60.0 -39 49 12|0.1030| 21|  3.298|  23.6|  1.517| 10.0|  1.597|  1.8|   |2
RXCJ0338.4-3526|FORNAX    | |03 38 27.9 -35 26 54|0.0051| 32| 21.272|  11.1|  0.024| 19.0|  0.032|  1.5|B  |166,167,168,170,171
RXCJ0340.1-5503|IC 1987   | |03 40 08.6 -55 03 14|0.0464|  1|  3.803|  12.0|  0.356| 17.0|  0.363|  2.2|L  |17,164
RXCJ0340.1-1835|NGC1407   |g|03 40 11.4 -18 35 15|0.0056|  4|  3.443|  14.0|  0.005| 14.5|  0.006|  5.2|   |172
RXCJ0340.6-0239|          | |03 40 41.8 -02 39 57|0.0352|  2|  7.923|  10.6|  0.425| 17.5|  0.447|  7.3|   |E
RXCJ0340.8-4542|RBS 0459  |c|03 40 49.3 -45 42 19|0.0698|  9|  3.981|  14.0|  0.846| 10.5|  0.900|  1.6|   |E
RXCJ0342.8-5338|A3158     | |03 42 53.9 -53 38 07|0.0590|105| 36.247|   3.3|  5.447| 30.0|  5.558|  1.1|L  |2
RXCJ0345.7-4112|S0384     | |03 45 45.7 -41 12 27|0.0603|  1|  5.763|  18.9|  0.913| 11.5|  0.982|  1.9|   |E,29,30
RXCJ0345.9-2416|A0458     | |03 45 56.0 -24 16 49|0.1057| 30|  5.510|  10.0|  2.656|  9.5|  2.856|  1.6|   |1
RXCJ0346.1-5702|A3164     | |03 46 09.6 -57 02 60|0.0570|  3|  7.465|  12.7|  1.056| 20.0|  1.067|  2.6|L  |146
RXCJ0347.0-2900|A3165     | |03 47 00.2 -29 00 13|0.1419|  3|  4.041|  22.0|  3.498|  8.0|  3.761|  0.9|   |19,173
RXCJ0351.1-8212|S0405     | |03 51 08.9 -82 12 60|0.0613|  2| 14.078|   8.0|  2.291| 16.5|  2.412|  7.7|L  |E,27
RXCJ0352.3-5453|RBS 0485  |c|03 52 20.7 -54 53 09|0.0447|  2|  3.798|  25.9|  0.329| 13.0|  0.346|  3.0|   |E
RXCJ0358.8-2955|A3192     | |03 58 50.5 -29 55 18|0.1681| 13|  3.060|  13.3|  3.696|  7.5|  3.974|  1.0|   |E
RXCJ0359.1-0320|          | |03 59 09.2 -03 20 28|0.1220|  4|  3.546|  17.1|  2.271|  8.5|  2.416|  8.2|   |E
RXCJ0408.2-3053|A3223     | |04 08 16.2 -30 53 40|0.0600| 81|  8.186|   8.8|  1.279| 16.0|  1.332|  1.8|   |E,2
RXCJ0413.9-3805|          | |04 13 57.1 -38 05 60|0.0501| 22| 12.608|   7.7|  1.368| 15.0|  1.471|  1.4|B  |E,31,96,144
RXCJ0419.6+0224|NGC1550   | |04 19 37.8 +02 24 50|0.0131|  7| 40.095|   6.1|  0.295| 22.0|  0.351| 11.6|L  |11,64,123,174
RXCJ0425.8-0833|RBS 0540  |c|04 25 51.4 -08 33 33|0.0397|  2| 28.011|   5.8|  1.898| 13.5|  2.233|  6.4|X  |E,175,176
RXCJ0429.1-5350|S0463     | |04 29 07.8 -53 50 51|0.0400| 28|  4.018|  16.5|  0.278| 10.0|  0.309|  0.8|   |19,72,74,177
RXCJ0431.4-6126|A3266     | |04 31 24.1 -61 26 38|0.0589|317| 49.640|   1.8|  7.421| 18.0|  8.246|  1.5|   |155
RXCJ0433.6-1315|A0496     | |04 33 38.4 -13 15 33|0.0326|143| 72.075|   3.7|  3.309| 19.0|  3.893|  5.7|   |120,130,152,178,179
RXCJ0437.1-2027|A0499     | |04 37 07.2 -20 27 26|0.1550|  2|  3.430|  56.5|  3.563| 13.0|  3.599|  2.6|X  |E
RXCJ0437.1+0043|          | |04 37 10.1 +00 43 38|0.2842|  5|  3.942|  13.0| 13.338|  8.5| 14.040|  8.2|   |E
RXCJ0438.9-2206|A0500     | |04 38 54.7 -22 06 49|0.0670|  3|  6.168|  16.1|  1.196| 10.0|  1.314|  2.8|   |29
RXCJ0445.1-1551|NGC1650   | |04 45 10.0 -15 51 01|0.0360|  3|  8.634|  10.3|  0.485| 16.0|  0.522|  4.8|   |120
RXCJ0448.2-2028|A0514     | |04 48 12.2 -20 28 11|0.0720| 90|  8.583|   8.8|  1.926| 15.5|  2.006|  3.2|   |2
RXCJ0449.9-4440|A3292     | |04 49 55.2 -44 40 41|0.1501|  2|  4.418|  13.7|  4.267|  6.0|  4.905|  1.5|   |E
RXCJ0454.1-1014|A0521     | |04 54 09.1 -10 14 19|0.2475| 42|  4.942|  16.6| 12.707| 11.5| 12.966|  5.4|   |E,180
RXCJ0454.8-1806|CID 28    |b|04 54 50.3 -18 06 33|0.0335| 17|  5.539|  11.8|  0.269| 12.5|  0.296|  4.2|   |E,120
RXCJ0500.7-3840|A3301     | |05 00 46.5 -38 40 41|0.0536|  5|  7.370|  10.0|  0.920| 13.5|  0.979|  3.1|   |40
RXCJ0501.3-0332|A0531     | |05 01 19.4 -03 32 33|0.0913| 10|  3.994|  23.4|  1.436| 10.0|  1.528|  6.0|   |E
RXCJ0501.6+0110|          | |05 01 39.1 +01 10 30|0.1248| 15|  4.398|  16.3|  2.951| 10.0|  3.106|  7.9|B  |E
RXCJ0507.6-0238|A0535     | |05 07 36.0 -02 38 24|0.1241|  2|  3.326|  21.7|  2.224| 13.0|  2.246|  9.7|B  |E
RXCJ0507.7-0915|A0536     | |05 07 45.7 -09 15 16|0.0398|  1|  5.056|  13.7|  0.347| 14.0|  0.369|  7.9|   |1
RXCJ0510.2-4519|A3322     | |05 10 13.9 -45 19 16|0.2000|  1|  4.792|  14.3|  8.118|  6.5|  9.020|  3.4|   |181
RXCJ0510.7-0801|          | |05 10 44.7 -08 01 06|0.2195| 14|  6.565|  10.7| 13.238| 10.0| 13.935|  8.3|   |E
RXCJ0514.6-4903|A3330     | |05 14 36.3 -49 03 18|0.0912|  2|  4.130|  17.9|  1.481| 14.0|  1.511|  2.4|   |17,32,182
RXCJ0516.6-5430|S0520     | |05 16 38.0 -54 30 51|0.2952|  8|  5.816|  21.5| 20.983| 16.5| 21.195|  6.2|   |E
RXCJ0521.4-4049|A3336     | |05 21 29.6 -40 49 29|0.0756|  2|  4.899|  19.4|  1.214| 15.0|  1.239|  3.3|   |17,69
RXCJ0525.5-3135|A3341     | |05 25 32.8 -31 35 44|0.0380| 64| 11.350|   7.3|  0.707| 16.5|  0.760|  1.8|   |2
RXCJ0525.8-4715|A3343     | |05 25 51.6 -47 15 02|0.1913|  5|  3.814|  11.1|  5.922|  7.5|  6.368|  4.0|   |E
RXCJ0528.2-2942|          | |05 28 15.4 -29 42 57|0.1582|  2|  3.864|  37.6|  4.159| 12.0|  4.244|  1.8|B  |E
RXCJ0528.9-3927|RBS 0653  | |05 28 56.3 -39 27 46|0.2839|  4|  5.888|   8.6| 19.801| 11.0| 20.413|  2.1|X  |E
RXCJ0530.6-2226|A0543     | |05 30 38.4 -22 26 54|0.1706| 11|  5.818|  11.2|  7.202| 14.0|  7.275|  2.6|   |E,1
RXCJ0532.3-1131|A0545     | |05 32 23.1 -11 31 50|0.1540|  2|  8.490|   8.7|  8.569|  7.5|  9.738| 11.2|   |1
RXCJ0532.9-3701|          | |05 32 55.5 -37 01 28|0.2708|  9|  3.299|  11.7| 10.187|  7.0| 10.954|  2.7|   |E
RXCJ0533.3-3619|S0535     | |05 33 18.5 -36 19 32|0.0479|  4|  3.734|  11.9|  0.372| 13.0|  0.392|  2.9|   |E
RXCJ0538.2-2037|A3358     | |05 38 16.3 -20 37 23|0.0915|  0|  4.601|  10.4|  1.661|  6.5|  1.931|  4.0|   |106
RXCJ0540.1-4050|S0540     | |05 40 06.3 -40 50 32|0.0358|  1| 14.881|   5.2|  0.827| 15.5|  0.919|  3.5|   |5,9
RXCJ0540.1-4322|A3360     | |05 40 10.0 -43 22 56|0.0850| 36|  4.759|   9.6|  1.497| 11.0|  1.576|  3.8|B  |38,140,141
RXCJ0542.1-2607|CID 36    |b|05 42 09.3 -26 07 25|0.0390|  4|  7.375|   8.9|  0.484| 18.0|  0.504|  1.9|P  |E,120
RXCJ0543.4-4430|          | |05 43 24.4 -44 30 19|0.1637|  3|  4.164|   9.4|  4.761| 12.0|  4.858|  4.6|   |E
RXCJ0545.4-2556|A0548W    | |05 45 27.2 -25 56 20|0.0424|155|  2.440|  13.5|  0.191|  9.5|  0.208|  1.8|P  |2,72
RXCJ0545.5-4756|A3363     | |05 45 30.6 -47 56 26|0.1254|  2|  4.522|   9.4|  3.064| 10.0|  3.225|  6.2|B  |E
RXCJ0547.6-3152|A3364     | |05 47 38.2 -31 52 31|0.1483| 10|  8.526|   7.5|  7.961| 17.5|  7.961|  2.0|   |E
RXCJ0547.7-4723|S0547     | |05 47 45.6 -47 23 24|0.0515|  2|  2.876|  29.6|  0.332| 15.0|  0.339|  6.5|   |E
RXCJ0548.6-2527|A0548E    | |05 48 39.5 -25 27 30|0.0420|237| 14.109|   6.2|  1.076| 21.0|  1.121|  1.9|PL |3
RXCJ0548.8-2154|          | |05 48 50.4 -21 54 43|0.0928|  9|  3.977|  12.3|  1.478| 11.5|  1.540|  3.0|   |E,3
RXCJ0552.8-2103|A0550     | |05 52 52.4 -21 03 25|0.0989| 25| 10.319|   6.8|  4.324| 13.5|  4.552|  4.3|   |E
RXCJ0557.2-3727|S0555     | |05 57 13.2 -37 27 58|0.0442|  4|  7.141|  10.9|  0.604| 17.5|  0.629|  4.0|   |E
RXCJ0600.8-5835|S0560     | |06 00 48.3 -58 35 14|0.0369|  2|  2.600|   7.6|  0.154| 12.5|  0.162|  4.6|   |E
RXCJ0601.7-3959|A3376     | |06 01 45.7 -39 59 34|0.0468| 32| 20.492|   4.8|  1.936| 21.5|  2.038|  5.0|L  |72
RXCJ0605.8-3518|A3378     | |06 05 52.8 -35 18 02|0.1392|  2|  9.393|   6.2|  7.698| 12.5|  8.019|  4.3|   |E
RXCJ0607.0-4928|A3380     | |06 07 01.4 -49 28 60|0.0553|  3|  3.592|  14.4|  0.478| 14.0|  0.493|  4.6|B  |E
RXCJ0616.5-3948|S0579     | |06 16 31.4 -39 48 01|0.1520|  7|  5.169|   9.7|  5.123| 11.0|  5.336|  8.2|   |E
RXCJ0616.8-4748|          | |06 16 53.6 -47 48 18|0.1164|  1|  4.813|   9.8|  2.800| 14.0|  2.857|  4.8|   |E
RXCJ0621.7-5242|          | |06 21 43.6 -52 42 11|0.0511|  2|  5.058|   8.8|  0.573| 14.0|  0.603|  5.2|   |70,71
RXCJ0624.6-3720|A3390     | |06 24 36.7 -37 20 09|0.0333| 15|  5.608|  11.3|  0.269| 17.5|  0.280|  7.1|D  |146
RXCJ0626.3-5341|A3391     | |06 26 22.8 -53 41 44|0.0514| 85| 19.475|   3.8|  2.225| 19.0|  2.367|  5.4|   |1
RXCJ0627.1-3529|A3392     | |06 27 08.2 -35 29 20|0.0554|  9|  9.969|   6.3|  1.325|  9.0|  1.559|  7.1|   |146
RXCJ0627.2-5428|A3395     | |06 27 14.4 -54 28 12|0.0506|159| 23.679|   3.2|  2.613| 18.0|  2.810|  8.5|PL |1
RXCJ0628.8-4143|A3396     | |06 28 49.8 -41 43 42|0.1759| 10|  5.736|   9.2|  7.565| 12.0|  7.799|  6.3|   |E
RXCJ0631.3-5610|          | |06 31 20.7 -56 10 20|0.0540|  3|  7.695|   9.0|  0.975| 20.0|  0.995|  7.9|L  |E
RXCJ0637.3-4828|A3399     | |06 37 18.9 -48 28 42|0.2026| 11|  3.400|  10.2|  5.947|  6.5|  6.535|  6.9|   |E
RXCJ0638.7-5358|S0592     | |06 38 46.5 -53 58 18|0.2266| 11|  7.531|   8.1| 16.230|  9.5| 17.266|  6.6|   |E
RXCJ0645.4-5413|A3404     | |06 45 29.3 -54 13 08|0.1644|  2| 10.592|   7.9| 12.049| 13.0| 12.551|  6.6|   |E
RXCJ0658.5-5556|1ES0657   |h|06 58 31.1 -55 56 49|0.2965| 78|  9.079|   7.9| 33.058|  9.0| 35.546|  6.3|   |E,73,79
RXCJ0712.0-6030|AM 0711   |i|07 12 05.4 -60 30 06|0.0322|  2|  3.515|  17.7|  0.158| 15.0|  0.166|  9.7|   |E
RXCJ0738.1-7506|          | |07 38 09.0 -75 06 24|0.1110|  3|  3.083|  15.9|  1.652|  8.5|  1.757| 17.4|   |E
RXCJ0821.8+0112|A0653     | |08 21 51.7 +01 12 42|0.0822|  6|  4.142|  19.2|  1.217| 12.0|  1.268|  4.2|B  |E
RXCJ0909.1-0939|A0754     | |09 09 08.4 -09 39 58|0.0542| 92| 57.001|   3.3|  7.200| 19.0|  8.000|  4.6|   |146
RXCJ0910.6-1034|A0761     | |09 10 36.3 -10 34 52|0.0916|  2|  5.161|  11.5|  1.868|  7.5|  2.123|  4.6|   |53,81
RXCJ0918.1-1205|A0780     | |09 18 06.5 -12 05 36|0.0539|  4| 39.461|   9.1|  4.938| 15.0|  5.611|  4.9|BX |1
RXCJ0937.9-2020|S0617     | |09 37 59.7 -20 20 45|0.0344| 11|  3.592|  11.5|  0.185| 12.0|  0.201|  4.0|   |25
RXCJ0944.1-2116|          | |09 44 10.3 -21 16 40|0.0077|  1|  2.480|  43.5|  0.006| 11.5|  0.007|  4.4|   |E,12,84
RXCJ0944.6-2633|          | |09 44 36.6 -26 33 56|0.1421|  3|  6.018|  10.0|  5.191|  6.0|  6.107|  6.0|   |E
RXCJ0945.4-0839|A0868     | |09 45 24.4 -08 39 15|0.1535|  2|  4.726|  10.8|  4.780|  8.5|  5.140|  4.2|   |1,56
RXCJ0948.6-8327|          | |09 48 39.4 -83 27 56|0.1982|  1|  3.020|  25.9|  5.082|  7.5|  5.406|  9.2|D  |E
RXCJ0953.2-1558|          | |09 53 12.1 -15 58 52|0.0302|  2|  3.675|  13.9|  0.146| 15.0|  0.154|  5.3|   |E
RXCJ0956.4-1004|A0901     | |09 56 26.4 -10 04 12|0.1634|  9|  9.107|   9.6| 10.265| 17.0| 10.369|  5.1|D  |E
RXCJ0958.3-1103|A0907     | |09 58 22.1 -11 03 35|0.1669|  2|  7.826|   8.3|  9.217|  8.5| 10.129|  5.1|   |E
RXCJ1013.5-1350|          | |10 13 36.0 -13 50 33|0.1517|  5|  3.776|  14.6|  3.727|  6.5|  4.141|  7.6|   |H
RXCJ1013.6-0054|A0957     | |10 13 40.3 -00 54 52|0.0445| 48|  9.014|  12.8|  0.772| 16.5|  0.813|  3.8|   |3,41,55,96
RXCJ1013.7-0006|A0954     | |10 13 44.8 -00 06 31|0.0927| 19|  3.393|  14.9|  1.258|  8.0|  1.367|  3.8|   |55,119
RXCJ1017.3-1040|A0970     | |10 17 23.4 -10 40 39|0.0586| 51| 11.231|   8.8|  1.673| 12.5|  1.838|  5.1|   |85
RXCJ1020.4-0631|A0978     | |10 20 28.8 -06 31 11|0.0540| 63|  3.704|  13.2|  0.469| 11.0|  0.504|  4.7|   |2
RXCJ1023.8-2715|A3444     | |10 23 50.8 -27 15 31|0.2542|  7|  7.055|   9.7| 19.040|  6.0| 21.885|  5.6|   |H
RXCJ1027.9-0647|A1023     | |10 27 59.6 -06 47 46|0.1176|  6|  3.146|  15.6|  1.883|  6.0|  2.140|  4.5|X *|H
RXCJ1036.6-2731|A1060     | |10 36 41.8 -27 31 28|0.0126|154| 84.353|   6.5|  0.574| 35.5|  0.645|  4.9|L  |146
RXCJ1038.4-2454|          | |10 38 24.1 -24 54 10|0.1230| 10|  4.134|  13.5|  2.692|  8.5|  2.895|  5.5|   |H
RXCJ1039.7-0841|A1069     | |10 39 44.5 -08 41 01|0.0650| 35|  6.444|  15.2|  1.175| 13.0|  1.237|  3.9|   |2
RXCJ1041.5-1123|          | |10 41 34.2 -11 23 19|0.0839|  7|  3.178|  15.3|  0.982| 10.0|  1.034|  4.1|   |H
RXCJ1044.5-0704|A1084     | |10 44 33.0 -07 04 22|0.1342|  6|  9.433|  12.2|  7.281|  7.0|  8.466|  3.4|   |H
RXCJ1050.4-1250|USGC S152 |j|10 50 25.5 -12 50 47|0.0155|  6| 10.929|   6.8|  0.113| 13.0|  0.140|  5.0|   |E,20,31
RXCJ1050.5-0236|A1111     | |10 50 35.5 -02 36 00|0.1651|  9|  3.636|  15.0|  4.231|  7.0|  4.599|  4.0|BX |H
RXCJ1050.6-2405|          | |10 50 36.3 -24 05 46|0.2037|  1|  3.601|  18.4|  6.371|  8.5|  6.706|  5.9|X *|E
RXCJ1058.1+0135|A1139     | |10 58 10.4 +01 35 11|0.0398| 27|  2.379|  20.0|  0.164| 15.0|  0.169|  4.0|B  |146
RXCJ1101.2-2243|A1146     | |11 01 16.8 -22 43 41|0.1416| 58|  3.464|  15.4|  2.986|  7.0|  3.281|  6.2|   |1,86
RXCJ1107.3-2300|S0651     | |11 07 19.0 -23 00 08|0.0639|  2|  4.570|  16.2|  0.811| 15.0|  0.836|  5.2|   |H
RXCJ1114.1-3811| MS1111.8 |k|11 14 12.0 -38 11 21|0.1306|  9|  6.968|  10.9|  5.107| 12.0|  5.320|  9.9|   |E
RXCJ1115.8+0129|          | |11 15 54.0 +01 29 44|0.3499|  3|  3.848|  22.2| 19.438|  9.0| 20.248|  4.4|B  |E
RXCJ1130.3-1434|A1285     | |11 30 19.5 -14 34 59|0.1068|  8|  9.929|  13.1|  4.869| 14.5|  5.072|  4.1|   |H
RXCJ1131.9-1955|A1300     | |11 31 56.3 -19 55 37|0.3075| 60|  5.117|  14.7| 20.118|  8.5| 21.402|  4.5|   |87,88
RXCJ1135.2-1331|A1317     | |11 35 17.2 -13 31 08|0.0722|  6|  4.046|  17.6|  0.921| 11.0|  0.969|  3.8|   |19,89
RXCJ1139.4-3327|          | |11 39 27.3 -33 27 14|0.1076|  5|  4.292|  55.2|  2.158|  7.5|  2.398|  6.9|   |H
RXCJ1141.4-1216|A1348     | |11 41 24.3 -12 16 20|0.1195|  6|  5.344|  12.3|  3.281|  7.0|  3.728|  3.3|X  |H,16
RXCJ1145.3-3425|A3490     | |11 45 19.1 -34 25 43|0.0697|  7|  6.414|  15.6|  1.347|  9.0|  1.513|  6.4|   |H
RXCJ1149.7-1219|A1391     | |11 49 47.8 -12 19 04|0.1557|  6|  4.780|  15.2|  4.979| 11.0|  5.133|  3.1|X  |19,31
RXCJ1151.6-1619|          | |11 51 38.1 -16 19 14|0.0722|  4|  5.182|  12.3|  1.169|  7.0|  1.359|  3.5|   |H
RXCJ1200.0-3124|A3497     | |12 00 05.0 -31 24 21|0.0685|  2|  6.467|  32.4|  1.311| 12.5|  1.395|  5.7|   |H
RXCJ1202.9-0650|A1448     | |12 02 54.3 -06 50 07|0.1268|  6|  3.890|  14.1|  2.697| 12.0|  2.752|  3.0|   |16,31,80
RXCJ1203.2-2131|A1451     | |12 03 17.0 -21 31 22|0.1992| 16|  6.271|  21.4| 10.494|  5.0| 12.643|  4.5|   |H
RXCJ1204.4+0154|MKW4      | |12 04 25.2 +01 54 02|0.0199| 25| 17.188|   6.0|  0.293| 17.0|  0.337|  1.9|   |64,94,95,97
RXCJ1206.2-0848|          | |12 06 12.5 -08 48 22|0.4414|  1|  3.231|  15.8| 25.648|  5.0| 29.480|  4.2|   |E
RXCJ1212.3-1816|          | |12 12 18.9 -18 16 43|0.2690|  2|  3.118|  45.6|  9.495| 10.0|  9.689|  4.5|X  |E
RXCJ1215.4-3900|          | |12 15 29.0 -39 00 55|0.1190|  6|  5.519|  35.5|  3.359| 10.5|  3.536|  6.3|   |H
RXCJ1219.3-1315|A1520     | |12 19 19.8 -13 15 36|0.0688|  5|  4.081|  35.0|  0.842|  2.5|  1.531|  4.0|   |E
RXCJ1234.2-3856|          | |12 34 17.0 -38 56 34|0.2373|  2|  3.991|  14.0|  9.552|  4.0| 11.793|  6.2|X *|E
RXCJ1236.7-3354|S0700     | |12 36 44.7 -33 54 10|0.0796|  4|  4.932|  19.8|  1.357|  8.5|  1.508|  5.6|   |H
RXCJ1236.7-3531|S0701     | |12 36 46.5 -35 31 58|0.0736|  2|  3.913|  16.4|  0.926|  8.5|  1.018|  5.3|   |H
RXCJ1244.6-1159|A1606     | |12 44 38.0 -11 59 07|0.0963|  9|  6.344|  13.1|  2.528| 10.5|  2.718|  3.7|   |31
RXCJ1247.7-0247|A1612     | |12 47 43.2 -02 47 32|0.1797|  2|  3.111|  34.0|  4.315| 11.5|  4.359|  1.8|   |E
RXCJ1248.7-4118|A3526     | |12 48 47.9 -41 18 28|0.0114|287|250.983|   2.4|  1.396| 80.0|  1.454|  8.2|L  |158
RXCJ1252.5-3116|          | |12 52 34.1 -31 16 04|0.0535|  3| 12.910|   7.8|  1.599|  9.5|  1.904|  5.5|   |H
RXCJ1253.0-0912|HCG 62    | |12 53 05.5 -09 12 01|0.0146| 45|  6.538|  13.2|  0.060| 13.0|  0.071|  2.9|   |48
RXCJ1253.2-1522|A1631     | |12 53 14.4 -15 22 48|0.0462| 71|  6.720|  14.9|  0.621| 18.5|  0.640|  4.0|   |1,148
RXCJ1253.6-3931|          | |12 53 40.9 -39 31 55|0.1794|  1| 11.009|   8.3| 14.959|  6.0| 18.023|  7.9|X *|E
RXCJ1254.0-0642|A1634     | |12 54 02.7 -06 42 04|0.1962|  2|  4.043|  22.5|  6.616| 12.5|  6.683|  2.5|B  |E
RXCJ1254.3-2901|A3528N    | |12 54 23.5 -29 01 22|0.0542| 69|  8.636|  20.0|  1.103|  8.0|  1.329|  6.1|PB |2
RXCJ1254.6-2913|A3528S    | |12 54 41.4 -29 13 24|0.0544| 52| 15.402|  16.0|  1.974| 12.0|  2.243|  6.1|PB |H,3,64,75,98
RXCJ1254.7-1526|          | |12 54 46.9 -15 26 40|0.1506| 14|  3.726|  18.9|  3.647| 10.5|  3.760|  4.0|   |H
RXCJ1255.5-3019|A3530     | |12 55 34.5 -30 19 50|0.0541| 46| 10.314|  10.4|  1.307| 16.5|  1.376|  6.0|B  |75,77,76,98
RXCJ1255.7-1239|          | |12 55 42.1 -12 39 18|0.0585| 13|  2.989|  22.2|  0.446| 10.5|  0.474|  3.6|   |16,31,99
RXCJ1256.9-3119|          | |12 56 59.8 -31 19 19|0.0561| 16|  5.378|  16.0|  0.736| 12.5|  0.783|  6.0|   |12,75
RXCJ1257.1-1724|A1644     | |12 57 09.8 -17 24 01|0.0473| 92| 37.862|  10.0|  3.645| 22.0|  3.878|  5.3|L  |1
RXCJ1257.1-1339|          | |12 57 10.1 -13 39 20|0.0151|  2|  2.302|  18.0|  0.023|  6.5|  0.031|  3.5|   |20
RXCJ1257.2-3022|A3532     | |12 57 16.9 -30 22 37|0.0554| 44| 18.733|  24.0|  2.483| 15.5|  2.699|  6.0|B  |1,104
RXCJ1258.6-0145|A1650     | |12 58 41.1 -01 45 25|0.0845|  2| 20.909|   6.1|  6.427| 14.0|  6.986|  1.5|   |1
RXCJ1258.8-2640|A1648     | |12 58 49.8 -26 40 03|0.0767|  2|  5.119|  31.2|  1.306|  8.5|  1.451|  6.9|   |H
RXCJ1259.3-0411|A1651     | |12 59 21.5 -04 11 41|0.0845| 34| 23.168|   6.0|  7.121| 14.0|  7.740|  1.7|   |78,105
RXCJ1301.6-0650|          | |13 01 36.3 -06 50 00|0.0898|  4|  4.008|  76.4|  1.393| 14.0|  1.421|  2.6|   |31
RXCJ1302.8-0230|A1663     | |13 02 50.7 -02 30 22|0.0847|  3|  4.460|  21.9|  1.393| 12.0|  1.451|  1.7|   |E,19,31
RXCJ1303.7-2415|A3541     | |13 03 44.0 -24 15 03|0.1288|  8|  8.656|  12.5|  6.140|  7.5|  6.977|  9.2|   |H
RXCJ1304.2-3030|          | |13 04 16.7 -30 30 55|0.0117|  8|  8.280|  13.6|  0.049| 20.0|  0.054|  6.2|L  |5,82,83,98
RXCJ1305.9-3739|S0721     | |13 05 54.5 -37 39 41|0.0497| 25|  8.181|  23.9|  0.876| 16.0|  0.922|  5.6|DB |14
RXCJ1309.2-0136|MS1306.7  |l|13 09 17.0 -01 36 45|0.0880|  0|  5.334|  15.1|  1.779| 12.5|  1.853|  1.8|   |39
RXCJ1311.4-0120|A1689     | |13 11 30.0 -01 20 07|0.1832| 66| 15.332|   8.0| 21.704| 10.5| 23.591|  1.8|   |1
RXCJ1314.2-0659|A1698     | |13 14 13.5 -06 59 36|0.1892|  7|  3.942|  19.9|  5.982| 11.0|  6.104|  2.8|   |E
RXCJ1314.4-2515|          | |13 14 28.0 -25 15 41|0.2439|  9|  6.794|  16.5| 16.813| 11.5| 17.333|  6.7|   |H
RXCJ1315.3-1623|NGC 5044  | |13 15 24.0 -16 23 23|0.0087| 16| 58.129|   4.0|  0.189| 36.0|  0.215|  4.9|L  |15,20,64,74,90,91,92,93
RXCJ1317.1-3821|          | |13 17 09.6 -38 21 42|0.2553|  2|  4.058|  14.8| 11.136|  4.5| 13.257|  4.7|   |E
RXCJ1320.7-4102|S0727     | |13 20 42.7 -41 02 23|0.0495|  7|  4.906|  17.8|  0.521| 13.0|  0.554|  7.3|   |E
RXCJ1325.1-2014|A1732     | |13 25 06.8 -20 14 11|0.1926| 10|  4.155|  14.8|  6.542|  9.0|  6.886|  7.8|   |H
RXCJ1326.2+0013|          | |13 26 17.8 +00 13 32|0.0826| 16|  5.548|  11.7|  1.646|  9.0|  1.809|  1.8|X  |E,55,96,55,96
RXCJ1326.9-2710|A1736     | |13 26 54.0 -27 10 60|0.0458|109| 36.893|   6.5|  3.328| 34.0|  3.362|  5.4|L  |146
RXCJ1327.9-3130|A3558     | |13 27 57.5 -31 30 09|0.0480|341| 58.526|   3.9|  5.781| 18.0|  6.569|  3.6|P  |1,14,44,102,141,148
RXCJ1329.7-3136|A3558 (B) | |13 29 42.9 -31 36 09|0.0488| 57| 14.434|  30.0|  1.484| 14.5|  1.631|  3.6|PB |3,14,44,63,101,102
RXCJ1330.8-0152|A1750     | |13 30 49.9 -01 52 22|0.0852| 46| 13.211|  11.6|  4.141| 24.0|  4.141|  2.5|DL |1,41,96
RXCJ1331.5-3148|A3558 (C) | |13 31 32.4 -31 48 55|0.0448| 55|  4.901|  32.0|  0.426|  9.0|  0.484|  4.0|PB |H,3,14,74,76,100,101,102
RXCJ1332.3-3308|A3560     | |13 32 22.6 -33 08 22|0.0487| 29| 14.129|   9.3|  1.447| 15.5|  1.556|  3.9|   |H,76,87,103,108
RXCJ1332.9-2519|          | |13 32 55.8 -25 19 26|0.1199|  3|  3.409|  27.0|  2.123| 12.0|  2.166|  6.1|X  |E
RXCJ1333.6-3139|A3562     | |13 33 36.3 -31 39 40|0.0490|114| 24.485|   6.6|  2.532| 17.0|  2.752|  3.9|P  |1,141
RXCJ1333.6-2317|A1757     | |13 33 42.0 -23 17 02|0.1264|  4|  6.442|  15.0|  4.415| 12.0|  4.599|  7.1|   |H
RXCJ1336.6-3357|A3565     | |13 36 38.8 -33 57 30|0.0123| 45|  2.348|  18.0|  0.015|  9.5|  0.018|  4.1|   |146
RXCJ1337.4-4120|          | |13 37 28.1 -41 20 01|0.0519|  2|  4.813|  16.3|  0.563|  8.5|  0.640|  6.3|   |E
RXCJ1342.0+0213|A1773     | |13 42 05.5 +02 13 39|0.0765| 14|  5.788|  12.9|  1.469| 11.5|  1.563|  1.8|   |1,10
RXCJ1346.2-1632|          | |13 46 13.6 -16 32 42|0.0557|  1|  3.064|  16.8|  0.413|  6.0|  0.498|  7.5|   |E
RXCJ1346.8-3752|A3570     | |13 46 52.5 -37 52 28|0.0377|  8|  5.527|  33.8|  0.340| 14.0|  0.366|  4.4|   |4,12,113
RXCJ1347.2-3025|A3574W    | |13 47 12.3 -30 25 10|0.0145|  5|  2.479|  50.6|  0.023| 10.0|  0.027|  4.4|PX |12,64,74,103,107,112,114,115
RXCJ1347.4-3250|A3571     | |13 47 28.4 -32 50 59|0.0391| 84|115.251|  10.0|  7.523| 36.0|  7.919|  3.9|L  |146
RXCJ1347.5-1144|          | |13 47 30.0 -11 44 56|0.4516|  2|  6.468|  10.4| 53.914|  5.5| 63.428|  4.9|   |E
RXCJ1348.9-2526|A1791     | |13 48 55.8 -25 26 31|0.1269|  8|  3.842|  28.8|  2.668| 11.0|  2.751|  5.8|   |E
RXCJ1349.3-3018|A3574E    | |13 49 19.3 -30 18 34|0.0160| 55|  7.549|  25.0|  0.083| 20.0|  0.090|  4.4|PX |146
RXCJ1350.7-3343|          | |13 50 43.9 -33 43 17|0.1142|  1|  4.021|  17.3|  2.249|  7.0|  2.499|  4.8|   |E
RXCJ1352.2-0945|A1807     | |13 52 14.0 -09 45 33|0.2021|  2|  3.024|  16.6|  5.299| 10.0|  5.463|  3.5|   |E
RXCJ1353.4-2753|          | |13 53 29.3 -27 53 19|0.0468|  3|  4.993|  20.8|  0.474| 10.0|  0.527|  4.7|B  |E
RXCJ1401.6-1107|A1837     | |14 01 36.7 -11 07 28|0.0698| 38|  5.517|  13.4|  1.162|  9.5|  1.277|  4.7|   |1
RXCJ1403.5-3359|S0753     | |14 03 35.9 -33 59 16|0.0132| 12|  8.081|  14.4|  0.061| 17.0|  0.069|  5.6|   |5,91,98,109,114
RXCJ1407.4-2700|A3581     | |14 07 28.1 -27 00 55|0.0230| 24| 26.535|   5.8|  0.605| 15.0|  0.729|  4.3|   |E,146
RXCJ1408.1-0904|CAN 40    |b|14 08 07.0 -09 04 16|0.0354|  4|  3.889|  13.9|  0.212| 11.5|  0.230|  3.7|   |E,120
RXCJ1415.2-0030|A1882     | |14 15 14.2 -00 30 04|0.1403| 20|  4.205|  20.0|  3.556| 15.5|  3.556|  3.2|X  |55
RXCJ1416.8-1158|          | |14 16 51.5 -11 58 34|0.0982| 10|  3.976|  17.7|  1.659|  5.5|  1.975|  6.0|X  |16,31
RXCJ1421.9-2009|          | |14 21 57.3 -20 09 36|0.1208|  4|  3.078|  25.7|  1.947| 10.0|  2.028|  7.5|   |H
RXCJ1435.0-2821|A3605     | |14 35 00.6 -28 21 56|0.0689|  2|  4.358|  50.3|  0.902| 17.5|  0.911|  6.4|   |E
RXCJ1436.8-0900|          | |14 36 53.5 -09 00 13|0.0842|  2|  3.776|  30.3|  1.165|  5.0|  1.438|  6.2|   |E
RXCJ1455.2-3325|          | |14 55 13.9 -33 25 36|0.1158|  1|  3.796|  16.7|  2.202|  6.0|  2.531|  7.1|   |E
RXCJ1456.3-0549|A1994     | |14 56 19.6 -05 49 39|0.2200|  5|  3.059|  16.1|  6.286|  5.5|  7.063|  6.3|   |E
RXCJ1459.0-0843|          | |14 59 03.5 -08 43 30|0.1043|  3|  3.837|  16.0|  1.810|  8.5|  1.946|  7.1|   |E
RXCJ1459.4-1811|S0780     | |14 59 29.3 -18 11 13|0.2357|  2| 10.187|  18.0| 23.758| 11.5| 25.008|  7.8|   |E
RXCJ1501.1+0141|NGC5813   | |15 01 11.9 +01 41 53|0.0050|  6| 12.324|   6.3|  0.013|  8.5|  0.026|  4.2|   |12,15
RXCJ1504.1-0248|          | |15 04 07.7 -02 48 18|0.2153|  6| 22.111|   5.3| 42.689| 12.0| 45.902|  6.0|X  |E
RXCJ1506.4+0136|NGC5846   | |15 06 29.7 +01 36 08|0.0066|  8|  8.028|  13.8|  0.015| 13.0|  0.020|  4.2|   |48,64,123,125,126
RXCJ1511.5+0145|          | |15 11 33.5 +01 45 51|0.0384|  2|  2.459|  58.5|  0.158| 17.0|  0.160|  4.0|B  |E,123
RXCJ1512.2-2254|          | |15 12 12.6 -22 54 59|0.3152|  1|  3.452|  17.3| 14.201|  6.0| 15.605|  8.5|   |E
RXCJ1512.8-0128|          | |15 12 51.0 -01 28 47|0.1223|  2|  3.335|  18.5|  2.164|  5.5|  2.516|  5.2|   |E
RXCJ1514.9-1523|          | |15 14 58.0 -15 23 10|0.2226|  3|  5.269|  16.7| 10.981|  9.0| 11.559|  8.5|   |E
RXCJ1516.3+0005|A2050     | |15 16 19.2 +00 05 52|0.1181| 17|  4.956|  13.8|  2.970|  7.5|  3.300|  4.6|   |E,55
RXCJ1516.5-0056|A2051     | |15 16 34.0 -00 56 56|0.1198|  7|  3.918|  61.7|  2.418| 13.0|  2.467|  5.5|   |55
RXCJ1524.2-3154|          | |15 24 12.8 -31 54 14|0.1028|  6| 11.322|  15.4|  5.135| 11.0|  5.582|  8.3|   |E
RXCJ1539.5-8335|          | |15 39 33.9 -83 35 32|0.0728|  2| 16.844|   8.5|  3.833|  9.0|  4.563|  8.5|   |E
RXCJ1540.1-0318|A2104     | |15 40 07.5 -03 18 29|0.1533| 52|  7.424|  10.1|  7.452|  9.0|  8.100|  9.2|   |128
RXCJ1548.7-0259|A2128     | |15 48 45.9 -02 59 47|0.1010|  2|  3.943|  16.6|  1.742| 11.0|  1.815|  8.4|B  |111,116
RXCJ1558.3-1410|          | |15 58 23.2 -14 10 04|0.0970|  1| 14.131|   7.5|  5.674| 10.0|  6.375| 11.1|B  |117
RXCJ1615.7-0608|A2163     | |16 15 46.9 -06 08 45|0.2030|  1| 19.686|   6.4| 34.051|  9.5| 38.260| 12.3|   |118
RXCJ1633.8-0738|          | |16 33 53.9 -07 38 42|0.0974| 10|  3.445|  15.0|  1.413| 11.0|  1.472| 11.8|   |E
RXCJ1655.9-0113|          | |16 55 56.2 -01 13 45|0.0408|  1|  3.792|  33.0|  0.273| 15.0|  0.284|  8.0|   |93
RXCJ1657.7-0149|          | |16 57 45.4 -01 49 54|0.0313|  3|  4.194|  16.0|  0.178| 17.5|  0.185|  8.8|   |E
RXCJ1705.1-8210|S0792     | |17 05 10.3 -82 10 26|0.0737|  4|  7.092|  17.7|  1.669| 12.0|  1.776|  7.6|   |E
RXCJ1706.4-0132|Zw1703.8  |m|17 06 26.6 -01 32 23|0.0912|  4|  6.055|  19.5|  2.172|  9.5|  2.361| 10.2|   |E
RXCJ1840.6-7709|          | |18 40 37.2 -77 09 20|0.0194|  1| 10.295|  10.4|  0.167| 10.0|  0.217|  8.1|   |34
RXCJ1847.3-6320|S0805     | |18 47 20.0 -63 20 13|0.0146| 24|  5.968|  26.1|  0.055| 13.0|  0.065|  6.0|   |12
RXCJ1855.8-6654|          | |18 55 53.2 -66 54 48|0.1797|  2|  3.437|  25.2|  4.767|  8.5|  5.018|  6.1|   |E
RXCJ1912.6-7517|S0810     | |19 12 40.3 -75 17 30|0.0726| 13|  9.401|  18.1|  2.145| 10.5|  2.383|  6.7|B  |E
RXCJ1925.4-4256|A3638     | |19 25 29.6 -42 56 57|0.0774|  1|  6.550|  21.5|  1.702| 10.0|  1.870|  6.6|   |E,1,121
RXCJ1926.9-5342|          | |19 26 58.3 -53 42 11|0.0570|  2|  5.504|  26.6|  0.778|  4.0|  1.161|  3.9|   |E
RXCJ1928.2-5055|A3639     | |19 28 14.0 -50 55 48|0.1496| 10|  3.665|  19.7|  3.538|  6.5|  3.931|  5.3|   |133
RXCJ1931.6-3354|          | |19 31 38.7 -33 54 47|0.0972|  2|  6.392|  16.8|  2.596|  9.5|  2.822|  7.6|   |E
RXCJ1934.7-5053|S0821     | |19 34 47.3 -50 53 49|0.2371|  2|  4.037|  21.1|  9.644|  9.0| 10.046|  5.5|   |E
RXCJ1938.3-4748|          | |19 38 19.5 -47 48 16|0.2665|  1|  3.140|  20.6|  9.376|  8.0|  9.869|  6.1|   |E
RXCJ1946.5-4256|S0827     | |19 46 34.3 -42 56 32|0.1128|  4|  3.219|  20.8|  1.769|  9.0|  1.882|  5.9|   |E
RXCJ1947.3-7623|          | |19 47 19.3 -76 23 32|0.2170|  3|  3.522|  20.3|  7.035|  4.0|  8.685|  7.0|   |E
RXCJ1952.2-5503|A3651     | |19 52 16.5 -55 03 42|0.0600| 79|  7.498|  17.0|  1.172| 12.5|  1.260|  4.9|   |2
RXCJ1953.0-5201|A3653     | |19 53 00.9 -52 01 51|0.1069| 11|  5.838|  14.3|  2.880| 10.5|  3.064|  4.8|   |E
RXCJ1958.2-3011|          | |19 58 14.8 -30 11 22|0.1171|  4| 11.271|   9.5|  6.575| 12.0|  6.995|  8.4|X *|E
RXCJ1959.1-3454|A3654     | |19 59 10.7 -34 54 36|0.1728| 12|  3.103|  22.2|  3.968|  5.5|  4.509|  7.5|B  |E
RXCJ2003.5-2323|          | |20 03 30.4 -23 23 05|0.3171|  4|  3.124|  18.2| 13.086|  6.5| 14.224|  8.6|   |E
RXCJ2009.0-5421|S0849     | |20 09 04.0 -54 21 28|0.0516|  2|  3.140|  20.1|  0.364|  7.0|  0.423|  5.4|   |E
RXCJ2009.9-4823|S0851     | |20 09 54.1 -48 23 35|0.0097|  4|  3.390|  21.4|  0.014|  8.5|  0.019|  5.0|   |74,135,136
RXCJ2011.3-5725|          | |20 11 23.1 -57 25 39|0.2786|  5|  3.153|  23.0| 10.277|  6.0| 11.293|  3.3|   |E
RXCJ2012.0-4129|A3668     | |20 12 03.0 -41 29 30|0.1496|  4|  4.181|  16.0|  4.010|  8.5|  4.266|  5.0|   |E
RXCJ2012.5-5649|A3667     | |20 12 30.5 -56 49 55|0.0556|162| 70.892|   5.3|  9.417| 26.0| 10.018|  4.6|L  |2,3,138,140,141
RXCJ2014.2-8038|A3664     | |20 14 13.4 -80 38 30|0.1380|  8|  3.525|  19.9|  2.881|  7.0|  3.166|  9.9|P  |E
RXCJ2014.8-2430|          | |20 14 49.7 -24 30 30|0.1612|  2| 14.040|  13.4| 15.487|  6.5| 18.659|  7.4|   |E
RXCJ2016.2-8047|A3666     | |20 16 14.0 -80 47 57|0.1309|  2|  3.184|  20.3|  2.357|  6.5|  2.619|  9.9|P  |E
RXCJ2018.4-4102|IC4992    | |20 18 25.6 -41 02 48|0.0192|  2|  3.871|  16.6|  0.062|  9.5|  0.075|  4.7|   |5,15
RXCJ2018.7-5242|S0861     | |20 18 45.7 -52 42 22|0.0505| 13| 11.735|   9.6|  1.294| 14.0|  1.407|  4.7|   |E
RXCJ2020.8-3002|A3674     | |20 20 49.9 -30 02 01|0.2073|  5|  3.132|  28.4|  5.747|  9.5|  5.925|  6.7|   |E
RXCJ2021.9-5256|A3675     | |20 21 54.7 -52 56 52|0.1383|  3|  3.359|  16.5|  2.758| 11.5|  2.814|  4.3|   |E
RXCJ2023.0-2056|S0868     | |20 23 01.6 -20 56 55|0.0564|  2|  5.497|  17.8|  0.761|  8.5|  0.875|  5.6|   |E
RXCJ2023.4-5535|          | |20 23 24.5 -55 35 32|0.2320|  3|  3.347|  18.6|  7.684|  6.5|  8.352|  5.2|   |E
RXCJ2030.7-3532|          | |20 30 47.9 -35 32 40|0.1398|  2|  3.220|  20.4|  2.703|  7.0|  2.938|  3.9|   |E
RXCJ2031.8-4037|          | |20 31 51.5 -40 37 14|0.3416|  2|  3.309|  21.8| 15.964|  5.0| 18.141|  3.9|   |E
RXCJ2032.1-5627|A3685     | |20 32 08.8 -56 27 09|0.1380|  5|  3.668|  17.7|  2.998|  7.5|  3.259|  5.1|   |E
RXCJ2034.3-3429|A3693     | |20 34 19.5 -34 29 15|0.1240|  9|  4.385|  22.0|  2.904| 10.0|  3.057|  3.9|   |E,3
RXCJ2034.7-3404|A3694     | |20 34 42.1 -34 04 26|0.0936|  2|  8.730|  14.2|  3.282| 10.5|  3.567|  3.9|   |40
RXCJ2034.7-3548|A3695     | |20 34 47.9 -35 48 48|0.0894| 81| 16.940|  12.4|  5.758| 28.0|  5.816|  3.6|L  |2,140,141
RXCJ2034.9-2143|          | |20 34 55.8 -21 43 02|0.1947|  2|  3.302|  42.3|  5.355| 11.0|  5.464|  4.1|   |E
RXCJ2035.7-2513|A3698     | |20 35 44.3 -25 13 04|0.0200|  7|  2.388|  28.1|  0.042| 12.5|  0.046|  4.5|X  |146
RXCJ2043.2-2144|          | |20 43 12.6 -21 44 06|0.2041|  3|  3.623|  16.4|  6.435|  5.5|  7.312|  4.2|   |E
RXCJ2043.2-2629|S0894     | |20 43 14.4 -26 29 24|0.0408|  1|  4.647|  31.6|  0.335| 13.0|  0.356|  5.3|   |9,28
RXCJ2048.1-1750|A2328     | |20 48 10.6 -17 50 38|0.1475|  3|  5.916|  15.2|  5.511| 10.5|  5.801|  4.8|   |E
RXCJ2055.8-5455|A3718     | |20 55 51.5 -54 55 12|0.1390|  8|  4.075|  44.9|  3.381|  4.0|  4.335|  4.5|   |E
RXCJ2058.2-0745|A2331     | |20 58 15.2 -07 45 41|0.0793| 16|  3.486|  19.3|  0.960| 13.5|  0.980|  5.3|   |10
RXCJ2101.4-4100|S0915     | |21 01 28.1 -41 00 06|0.1694|  4|  3.112|  16.2|  3.819|  6.0|  4.243|  3.5|   |E
RXCJ2101.5-1317|          | |21 01 34.7 -13 17 31|0.0282|  2|  4.250|  20.7|  0.147| 10.0|  0.169|  4.1|   |E
RXCJ2101.8-2802|A3733     | |21 01 48.7 -28 02 06|0.0382| 91|  8.842|  11.5|  0.557| 20.0|  0.580|  6.9|L  |13,14,146
RXCJ2102.1-2431|RBS 1712  |c|21 02 09.9 -24 31 53|0.1880|  1|  5.238|  10.9|  7.804|  8.0|  8.391|  5.3|   |19,27,169
RXCJ2103.4-4319|A3736     | |21 03 26.0 -43 19 46|0.0487|  4|  4.599|  50.1|  0.473| 15.0|  0.493|  3.2|   |132
RXCJ2104.3-4120|A3739     | |21 04 20.1 -41 20 58|0.1651|  3|  5.976|  15.3|  6.913| 13.5|  7.054|  3.6|   |E
RXCJ2104.9-5149|          | |21 04 54.7 -51 49 35|0.0491|  1|  8.926|  12.3|  0.933| 11.0|  1.048|  3.1|   |5,145
RXCJ2104.9-8243|A3728     | |21 04 58.7 -82 43 22|0.0969|  4|  2.997|  20.1|  1.217|  6.0|  1.399|  8.2|   |E
RXCJ2106.0-3846|A3740     | |21 06 04.3 -38 46 21|0.1521|  2|  4.360|  14.1|  4.327|  9.0|  4.603|  3.8|DB |182
RXCJ2107.2-2526|A3744     | |21 07 12.3 -25 26 17|0.0381| 71|  4.854|  11.8|  0.305| 10.5|  0.343|  5.5|   |2
RXCJ2111.6-2308|AM2108    |n|21 11 39.9 -23 08 59|0.0333| 15|  2.472|  20.7|  0.119| 13.5|  0.125|  4.4|   |17
RXCJ2116.8-5929|S0927     | |21 16 48.5 -59 29 53|0.0602|  0|  4.534|  17.3|  0.716| 10.5|  0.778|  4.0|   |9
RXCJ2124.3-7446|          | |21 24 22.8 -74 46 25|0.0586|  2|  5.009|  19.8|  0.749|  8.0|  0.861|  5.8|   |E
RXCJ2125.2-0657|          | |21 25 12.4 -06 57 56|0.1153|  2|  3.285|  36.7|  1.889| 11.0|  1.947|  5.9|   |E
RXCJ2125.9-3443|A3764     | |21 25 55.0 -34 43 28|0.0757| 38|  2.931|  53.7|  0.734| 14.0|  0.749|  4.9|   |140,141
RXCJ2127.1-1209|A2345     | |21 27 11.0 -12 09 33|0.1760|  1|  5.263|  13.6|  6.950| 11.0|  7.165|  4.8|   |81
RXCJ2129.8-5048|A3771     | |21 29 51.0 -50 48 04|0.0796|  2|  5.051|  66.2|  1.390| 11.5|  1.463|  2.2|   |181,121
RXCJ2133.4-7156|          | |21 33 24.3 -71 56 09|0.0559|  2|  2.863|  23.1|  0.390|  8.5|  0.429|  2.0|   |E
RXCJ2134.2-1328|A2351     | |21 34 16.5 -13 28 48|0.0897|  2|  8.918|  13.8|  3.074|  7.5|  3.616|  5.2|B  |E
RXCJ2135.2+0125|A2355     | |21 35 17.2 +01 25 54|0.1244|  2|  4.493|  26.0|  2.995| 13.5|  3.056|  4.8|   |1
RXCJ2139.8-2228|S0963     | |21 39 51.8 -22 28 24|0.0328| 16|  3.154|  20.8|  0.147| 10.0|  0.163|  3.4|B  |E,25
RXCJ2143.9-5637|APMCC 699 |f|21 43 58.3 -56 37 35|0.0824|  2| 10.658|  10.2|  3.131| 13.0|  3.331|  3.4|   |E
RXCJ2145.9-1006|A2377     | |21 45 54.8 -10 06 16|0.0808|  1|  7.190|  41.6|  2.040| 12.5|  2.147|  4.0|P  |1,1
RXCJ2146.3-5717|A3806     | |21 46 20.9 -57 17 19|0.0760| 99|  7.072|  34.6|  1.771| 17.5|  1.807|  2.6|B  |2
RXCJ2146.9-4354|A3809     | |21 46 57.8 -43 54 36|0.0620| 94|  9.190|  11.0|  1.535| 14.0|  1.633|  1.8|B  |2
RXCJ2147.0-1019|          | |21 47 00.5 -10 19 04|0.0780|  2|  2.959|  18.1|  0.788|  5.5|  0.938|  4.0|PX |E
RXCJ2147.9-4600|S0974     | |21 47 55.5 -46 00 19|0.0593|  4|  6.906|  11.9|  1.058| 13.5|  1.126|  2.7|   |24,30,32
RXCJ2149.1-3041|A3814     | |21 49 07.4 -30 41 55|0.1184| 19|  6.182|  12.9|  3.704|  9.5|  3.983|  2.3|   |33,96
RXCJ2151.3-5521|          | |21 51 22.7 -55 21 12|0.0385| 31|  3.137|  19.4|  0.203| 13.0|  0.214|  2.9|B  |E,129
RXCJ2151.8-1543|A2382     | |21 51 52.9 -15 43 02|0.0614|  4|  4.028|  17.8|  0.662|  9.0|  0.727|  4.0|   |27,81
RXCJ2152.2-1942|A2384 (B) | |21 52 14.2 -19 42 20|0.0963|  4|  4.059|  30.0|  1.627|  6.0|  1.892|  3.0|PB |E
RXCJ2152.4-1933|A2384 (A) | |21 52 24.0 -19 33 54|0.0943|  1|  7.717|  20.0|  2.946|  8.5|  3.310|  3.0|PB |1
RXCJ2154.1-5751|A3822     | |21 54 09.2 -57 51 19|0.0760| 84| 15.994|   6.8|  3.972| 16.0|  4.181|  2.1|   |2
RXCJ2154.2-0400|A2389     | |21 54 12.1 -04 00 19|0.1509|  3|  3.529|  34.5|  3.468| 13.0|  3.503|  5.0|   |E
RXCJ2157.4-0747|A2399     | |21 57 25.8 -07 47 41|0.0579|  8|  5.851|  19.0|  0.854| 14.0|  0.899|  3.5|DB |E,10,122
RXCJ2158.3-2006|A2401     | |21 58 20.1 -20 06 16|0.0570| 23|  3.662|  19.0|  0.518| 11.0|  0.551|  2.6|   |2,3
RXCJ2158.4-6023|A3825     | |21 58 27.2 -60 23 58|0.0750| 61|  8.097|  10.3|  1.974| 13.0|  2.100|  2.8|   |3
RXCJ2158.5-0948|A2402     | |21 58 30.5 -09 48 28|0.0809|  1|  5.663|  12.2|  1.611| 10.0|  1.751|  4.0|   |111,157,181
RXCJ2201.8-2226|S0987     | |22 01 50.9 -22 26 40|0.0691| 10|  5.737|  15.0|  1.184| 14.0|  1.233|  2.6|   |S,24,33
RXCJ2201.9-5956|A3827     | |22 01 56.0 -59 56 58|0.0980| 20| 18.540|   6.3|  7.602| 11.5|  8.447|  2.8|   |3
RXCJ2202.0-0949|A2410     | |22 02 05.9 -09 49 28|0.0809| 10|  5.863|  13.6|  1.667| 13.5|  1.736|  4.2|D  |E,10
RXCJ2205.6-0535|A2415     | |22 05 40.5 -05 35 36|0.0582|  3| 14.289|  16.2|  2.099| 15.5|  2.257|  4.7|B  |E
RXCJ2209.3-5148|A3836     | |22 09 23.3 -51 48 54|0.1065|  2|  5.942|  15.6|  2.909| 13.5|  2.999|  2.1|   |E,29
RXCJ2210.3-1210|A2420     | |22 10 19.7 -12 10 34|0.0846|  9| 15.613|   7.5|  4.824| 11.0|  5.420|  3.9|   |S,10
RXCJ2211.7-0350|          | |22 11 43.4 -03 50 07|0.2700|  0|  3.323|  16.7| 10.199|  5.0| 11.723|  5.9|   |-
RXCJ2213.0-2753|          | |22 13 05.2 -27 53 59|0.0610|  6|  3.346|  26.8|  0.543| 10.0|  0.584|  1.4|   |S,96
RXCJ2214.5-1022|A2426     | |22 14 32.6 -10 22 18|0.0980| 15| 12.428|   8.7|  5.112| 12.5|  5.497|  3.9|   |S,2
RXCJ2216.2-0920|A2428     | |22 16 15.5 -09 20 24|0.0825|  2|  8.593|  10.1|  2.531|  8.5|  2.876|  4.5|   |S
RXCJ2216.9-1725|RBS 1842  |c|22 16 56.4 -17 25 34|0.1301|  2|  5.515|  14.5|  4.010| 11.0|  4.177|  2.3|X *|S
RXCJ2217.7-3543|A3854     | |22 17 43.3 -35 43 34|0.1486| 44|  6.406|  10.7|  6.030|  8.5|  6.554|  1.1|   |33,37,38
RXCJ2218.0-6511|RBS 1847  |c|22 18 05.6 -65 11 06|0.0951|  5|  8.990|   8.9|  3.491| 14.0|  3.636|  2.8|   |E
RXCJ2218.2-0350|MS2215    |o|22 18 17.1 -03 50 03|0.0901|  3|  9.355|  11.1|  3.254| 14.5|  3.390|  5.7|D  |S
RXCJ2218.6-3853|A3856     | |22 18 40.2 -38 53 51|0.1411| 10|  7.132|  10.2|  6.034|  9.0|  6.559|  1.3|   |16,31,33
RXCJ2218.8-0258|          | |22 18 49.1 -02 58 07|0.0902|  8|  4.044|  32.4|  1.418| 10.0|  1.509|  5.8|B  |E
RXCJ2220.5-3509|A3866     | |22 20 34.7 -35 09 54|0.1544|  1|  9.479|   8.8|  9.618|  8.5| 10.687|  1.1|X  |146
RXCJ2223.8-0138|A2440     | |22 23 53.0 -01 38 16|0.0906| 48|  9.848|  10.9|  3.464| 10.5|  3.807|  5.3|   |S,42
RXCJ2224.4-5515|APMCC 772 |f|22 24 27.5 -55 15 22|0.0791|  2|  5.965|  15.6|  1.620| 12.0|  1.705|  3.5|   |E
RXCJ2224.7-5632|S1020     | |22 24 43.6 -56 32 05|0.0355|  0|  3.057|  16.2|  0.168|  7.5|  0.198|  4.1|   |9
RXCJ2225.8-0636|A2442     | |22 25 51.0 -06 36 12|0.0897| 12|  5.129|  14.3|  1.778|  8.5|  1.954|  5.1|   |E
RXCJ2227.8-3034|A3880     | |22 27 52.4 -30 34 12|0.0579| 28| 10.035|   8.2|  1.459|  8.5|  1.737|  1.1|   |14,33
RXCJ2228.8-6053|          | |22 28 51.3 -60 53 56|0.0423|  2|  3.829|  15.5|  0.297| 13.0|  0.316|  2.2|   |E
RXCJ2234.5-3744|A3888     | |22 34 31.0 -37 44 06|0.1510| 70| 11.225|   8.9| 10.845|  7.5| 12.466|  1.2|X  |1,44
RXCJ2235.6+0128|A2457     | |22 35 40.6 +01 28 18|0.0594| 18| 11.139|  15.7|  1.706| 18.0|  1.777|  5.8|B  |10
RXCJ2243.0-2009|A2474     | |22 43 04.6 -20 09 59|0.1359|  3|  4.977|  40.0|  3.959| 14.5|  3.999|  2.6|   |E
RXCJ2246.3-5243|A3911     | |22 46 18.6 -52 43 46|0.0965|  2| 12.436|   9.7|  4.956| 26.0|  5.006|  1.5|L  |132
RXCJ2248.5-1606|A2485     | |22 48 32.9 -16 06 23|0.2472|  1|  3.063|  31.4|  7.899|  9.5|  8.143|  3.3|   |E
RXCJ2248.7-4431|S1063     | |22 48 43.5 -44 31 44|0.3475|  3|  8.590|  10.9| 42.769|  9.0| 45.988|  1.8|   |E
RXCJ2249.9-6425|A3921     | |22 49 57.0 -64 25 46|0.0940| 32| 13.999|   8.5|  5.288| 14.0|  5.626|  2.8|   |E,3
RXCJ2251.0-1624|A2496     | |22 51 00.6 -16 24 24|0.1221|  3|  5.223|  20.4|  3.351|  5.5|  3.989|  3.2|   |S
RXCJ2251.7-3206|          | |22 51 47.6 -32 06 12|0.2460|  1|  3.557|  18.8|  9.078|  6.5|  9.867|  1.4|X *|E
RXCJ2253.5-3343|A3934     | |22 53 34.2 -33 43 27|0.2240|  1|  3.030|  18.7|  6.466|  3.5|  8.185|  1.2|   |7,124
RXCJ2254.0-6315|AM2250    |p|22 54 03.2 -63 15 15|0.2112|  7|  4.708|  11.7|  8.934| 11.5|  9.116|  2.2|   |E
RXCJ2305.5-4513|A3970     | |23 05 34.6 -45 13 14|0.1253|  3|  4.327|  42.8|  2.928| 11.0|  3.050|  1.7|   |S
RXCJ2306.6-1319|          | |23 06 36.0 -13 19 12|0.0659|  2|  5.777|  34.4|  1.092| 15.0|  1.126|  3.1|   |E
RXCJ2307.2-1513|A2533     | |23 07 15.3 -15 13 42|0.1110|  1|  4.904|  26.1|  2.613|  6.0|  3.074|  2.8|   |19
RXCJ2308.3-0211|A2537     | |23 08 23.2 -02 11 31|0.2966|  2|  4.262|  14.3| 15.595| 13.5| 15.595|  4.3|   |S
RXCJ2312.3-2130|A2554     | |23 12 20.7 -21 30 02|0.1108| 35|  4.184|  24.1|  2.234|  4.5|  2.828|  2.0|   |38,127
RXCJ2313.0-2137|A2556     | |23 13 00.9 -21 37 55|0.0871|  9|  7.764|  18.0|  2.554|  7.0|  3.040|  2.0|   |S,127
RXCJ2313.9-4244|S1101     | |23 13 58.6 -42 44 02|0.0564|  4| 23.412|   7.2|  3.218| 12.0|  3.742|  1.9|   |S
RXCJ2315.7-3746|A3984     | |23 15 44.2 -37 46 56|0.1786|  3|  5.819|  20.5|  7.885|  8.0|  8.571|  1.5|   |S
RXCJ2315.7-0222|          | |23 15 45.2 -02 22 37|0.0267|  3|  6.785|  10.6|  0.210| 20.0|  0.219|  4.2|L  |S,27,51
RXCJ2316.1-2027|A2566     | |23 16 07.5 -20 27 19|0.0822| 11|  7.370|  18.2|  2.165|  9.0|  2.433|  2.1|   |S,127
RXCJ2319.2-6750|A3990     | |23 19 12.0 -67 50 24|0.0286|  0|  2.434|  14.5|  0.086| 10.5|  0.095|  2.8|D  |47
RXCJ2319.6-7313|A3992     | |23 19 41.8 -73 13 51|0.0984|  3|  3.993|  17.9|  1.673|  7.5|  1.859|  1.9|   |E
RXCJ2321.4-2312|A2580     | |23 21 24.3 -23 12 20|0.0890| 17|  3.207|  25.6|  1.106|  7.0|  1.243|  2.0|   |S,127
RXCJ2321.5-4153|A3998     | |23 21 33.4 -41 53 56|0.0894| 16|  8.720|  13.3|  2.985| 11.0|  3.245|  2.0|   |S,16,31,33,48
RXCJ2321.8-6941|A3995     | |23 21 48.6 -69 41 55|0.1846| 14|  4.334|  10.5|  6.318|  5.5|  7.262|  3.4|   |E
RXCJ2325.3-1207|A2597     | |23 25 20.0 -12 07 38|0.0852|  3| 20.558|   5.8|  6.426| 11.5|  7.220|  2.5|   |S,1
RXCJ2326.7-5242|          | |23 26 46.9 -52 42 36|0.1074|  3|  3.370|  20.3|  1.688| 11.0|  1.740|  1.6|   |E
RXCJ2331.2-3630|A4010     | |23 31 12.7 -36 30 24|0.0957| 30| 11.013|  22.1|  4.315|  9.5|  4.848|  1.4|   |E,140,141
RXCJ2336.2-3136|S1136     | |23 36 17.0 -31 36 37|0.0643|  2|  5.273|  20.5|  0.948| 12.0|  1.009|  1.2|   |15,52,26
RXCJ2337.6+0016|A2631     | |23 37 40.6 +00 16 36|0.2779|  5|  3.554|  19.8| 11.523| 10.0| 11.879|  3.8|   |55
RXCJ2340.1-8510|A4023     | |23 40 10.3 -85 10 42|0.1934|  3|  3.169|  18.9|  5.068|  8.5|  5.335|  7.5|   |E
RXCJ2341.2-0901|A2645     | |23 41 16.8 -09 01 39|0.2510|  5|  3.409|  26.1|  9.076| 11.5|  9.168|  2.5|   |1
RXCJ2344.2-0422|          | |23 44 16.0 -04 22 03|0.0786|  2| 12.638|   7.4|  3.373| 11.0|  3.748|  3.5|   |S
RXCJ2347.4-0218|HCG 97    | |23 47 24.4 -02 18 52|0.0223| 10|  2.629|  38.8|  0.057| 12.5|  0.062|  3.6|   |58,59
RXCJ2347.7-2808|A4038     | |23 47 43.2 -28 08 29|0.0300|157| 49.578|   3.8|  1.928| 22.5|  2.142|  1.5|L  |146
RXCJ2351.6-2605|A2667     | |23 51 40.7 -26 05 01|0.2264|  1|  9.295|  10.1| 19.929|  8.0| 22.143|  1.7|X  |S,65,129
RXCJ2354.2-1024|A2670     | |23 54 13.4 -10 24 46|0.0765|219|  9.622|  12.1|  2.430| 10.5|  2.700|  2.9|B  |66,86,105
RXCJ2357.0-3445|A4059     | |23 57 02.3 -34 45 38|0.0475| 45| 32.663|   5.5|  3.171| 24.0|  3.338|  1.1|L  |146
RXCJ2359.3-6042|A4067     | |23 59 19.2 -60 42 00|0.0989| 30|  4.544|  20.5|  1.923|  9.5|  2.068|  2.4|   |141
RXCJ2359.9-3928|A4068     | |23 59 55.7 -39 28 47|0.1024| 12|  5.024|  18.4|  2.270| 11.0|  2.389|  1.3|   |16,31,67
--------------------------------------------------------------------------------------------------------------------------------------------
