#Table: J/A+A/425/367/reflex70.dat (http://cdsarc.cds.unistra.fr)
--------------------------------------------------------------------------------------------------------------------------------------------
               |          |n|                    |      |   |       |      |       |     |       |     |   |
               |          |_|                    |      |   |       |      |       |     |       |     |   |
               |          |N|                    |      |   |       |      |       |     |       |     |   |
               |          |a|                    |      |   |       |      |       |     |       |     |   |
               |          |m| R  R        D  D  D|      |  N|       |      |       |     |       |     | No|
   RXC         |Name      |e|Ah Am  RAs  Ed Em Es|     z|gal|   Flux|e_Flux| ObsLum| Aper| LumCor|   NH|tes|r_
---------------|----------|-|--------------------|------|---|-------|------|-------|-----|-------|-----|---|--------------------------------
RXCJ0003.1-0605|A2697     | |00 03 11.8 -06 05 10|0.2320|  0|  4.497|  12.4|  6.395|  7.5|  6.876|  3.1|   |139
RXCJ0003.2-3555|A2717     | |00 03 12.1 -35 55 38|0.0490| 40|  7.537|  17.8|  0.421| 10.0|  0.478|  1.1|   |2
RXCJ0003.8+0203|A2700     | |00 03 50.6 +02 03 48|0.0924|  9|  4.155|  18.8|  0.855|  8.5|  0.929|  3.0|   |S,10
RXCJ0006.0-3443|A2721     | |00 06 03.0 -34 43 27|0.1147| 75|  5.832|  13.6|  1.875| 10.0|  1.995|  1.2|   |1
RXCJ0011.3-2851|A2734     | |00 11 20.7 -28 51 18|0.0620| 83| 12.014|   9.0|  1.089| 12.5|  1.197|  1.8|   |2
RXCJ0013.6-1930|A0013     | |00 13 38.3 -19 30 08|0.0940| 37|  6.071|  11.3|  1.285| 11.5|  1.353|  2.0|   |S,2,140,141
RXCJ0014.3-6604|A2746     | |00 14 18.4 -66 04 39|0.1599|  5|  4.485|  13.8|  2.907|  7.5|  3.160|  2.8|X  |E
RXCJ0014.3-3023|A2744     | |00 14 18.8 -30 23 00|0.3066| 65|  4.964|  18.7| 12.787| 12.0| 12.916|  1.6|   |142,143
RXCJ0015.4-2350|          | |00 15 24.0 -23 50 42|0.0645|  4|  3.426|  18.3|  0.336| 11.5|  0.354|  2.5|X  |33
RXCJ0017.5-3509|A2755     | |00 17 33.7 -35 09 54|0.0968| 23|  3.211|  20.0|  0.729| 11.5|  0.752|  1.3|   |E,3,33,140,141
RXCJ0020.7-2542|A0022     | |00 20 42.8 -25 42 37|0.1410|  3|  5.910|  12.1|  2.909|  7.5|  3.232|  2.3|   |1
RXCJ0025.5-3302|S0041     | |00 25 32.4 -33 02 50|0.0491|  3|  8.818|   9.7|  0.494| 13.0|  0.537|  1.7|   |26,144
RXCJ0027.3-5015|A2777     | |00 27 21.3 -50 15 04|0.1448|  1|  4.286|  17.1|  2.247|  8.5|  2.390|  1.7|   |E,145
RXCJ0028.6-2338|A0042     | |00 28 39.3 -23 38 14|0.1120|  5|  4.836|  13.3|  1.491| 13.0|  1.521|  1.8|   |33
RXCJ0034.6-0208|          | |00 34 36.0 -02 08 24|0.0812|  2|  8.629|   7.9|  1.360| 28.0|  1.388|  2.8|DL |S,139
RXCJ0040.1-5607|A2806     | |00 40 06.5 -56 07 00|0.0277| 20|  4.068|  19.3|  0.071| 13.5|  0.077|  2.2|   |12,18,146
RXCJ0041.8-0918|A0085     | |00 41 50.1 -09 18 07|0.0555|308| 74.215|   3.2|  5.293| 25.0|  5.631|  3.6|L  |130,148,149
RXCJ0042.1-2832|A2811     | |00 42 08.7 -28 32 09|0.1082| 29|  9.774|   9.8|  2.788| 10.0|  3.030|  1.5|   |E,33,96
RXCJ0043.4-2037|A2813     | |00 43 24.4 -20 37 17|0.2924|  7|  3.186|  15.6|  7.387|  8.5|  7.615|  1.5|   |E
RXCJ0049.4-2931|S0084     | |00 49 24.0 -29 31 28|0.1084| 18|  5.228|  16.0|  1.503| 11.0|  1.566|  1.8|   |33,150
RXCJ0052.7-8015|A2837     | |00 52 44.9 -80 15 59|0.1141|  7| 11.264|  21.2|  3.547| 12.5|  3.734|  6.6|   |E
RXCJ0055.9-3732|Cl0053    |a|00 55 59.2 -37 32 51|0.1653| 21|  3.985|  17.3|  2.764| 13.0|  2.792|  2.6|B  |E,1
RXCJ0056.3-0112|A0119     | |00 56 18.3 -01 12 60|0.0442|104| 33.613|   5.3|  1.505| 26.5|  1.568|  3.1|L  |2
RXCJ0057.8-6648|S0112     | |00 57 48.1 -66 48 44|0.0661|  8|  7.225|  36.0|  0.743| 11.5|  0.799|  2.6|   |30,151
RXCJ0102.7-2152|A0133     | |01 02 42.1 -21 52 25|0.0569|  9| 19.031|   6.7|  1.439| 13.0|  1.617|  1.6|   |5,24,152,153
RXCJ0105.5-2439|A0141     | |01 05 34.8 -24 39 17|0.2300|  0|  3.884|  15.7|  5.416|  7.5|  5.762|  1.6|   |1
RXCJ0106.8-0229|A0145     | |01 06 52.4 -02 29 24|0.1909|  1|  3.209|  21.1|  3.010| 14.0|  3.040|  4.1|   |19,154
RXCJ0107.8-3643|A2871     | |01 07 49.1 -36 43 38|0.1186| 19|  3.557|  13.6|  1.229| 12.0|  1.254|  1.9|   |E,2,3,33
RXCJ0108.1+0210|A0147     | |01 08 11.5 +02 10 34|0.0436|  8|  4.369|  16.0|  0.192| 12.0|  0.206|  3.0|   |120,123,156,157
RXCJ0108.8-1524|A0151N    | |01 08 50.1 -15 24 36|0.0533| 63|  6.862|   9.8|  0.456|  8.5|  0.530|  1.7|B  |1,2
RXCJ0108.9-1537|A0151S    | |01 08 55.2 -15 37 44|0.0970| 13|  3.703|  15.3|  0.845| 10.0|  0.889|  1.8|B  |3
RXCJ0110.0-4555|A2877     | |01 10 00.4 -45 55 22|0.0238| 58| 14.005|   8.0|  0.179| 20.0|  0.195|  2.1|L  |12,130,131,146
RXCJ0115.2+0019|A0168     | |01 15 12.0 +00 19 48|0.0450| 76| 10.429|   9.3|  0.488| 20.0|  0.503|  3.3|L  |S,2
RXCJ0117.8-5455|          | |01 17 50.5 -54 55 26|0.2510|  6|  3.054|  33.4|  5.155|  6.5|  5.543|  2.7|X *|E
RXCJ0118.1-2658|A2895     | |01 18 11.1 -26 58 23|0.2275|  4|  3.822|  14.0|  5.225|  7.5|  5.559|  1.6|   |S,96
RXCJ0120.9-1351|CAN 010   |b|01 20 58.9 -13 51 31|0.0519|  7| 12.430|   7.9|  0.778| 15.5|  0.828|  1.9|B  |S,120
RXCJ0125.5+0145|NGC533    | |01 25 30.2 +01 45 44|0.0174| 19|  4.712|  15.9|  0.032| 15.0|  0.036|  3.1|   |E,120
RXCJ0125.6-0124|A0194     | |01 25 40.8 -01 24 26|0.0180|146|  9.713|  14.1|  0.070| 24.0|  0.074|  4.1|L  |158
RXCJ0131.8-1336|A0209     | |01 31 53.0 -13 36 34|0.2060|  2|  5.481|  10.4|  6.037|  9.5|  6.289|  1.6|   |1
RXCJ0132.6-0804|          | |01 32 40.9 -08 04 20|0.1489|  3|  3.784|  11.9|  2.108| 10.0|  2.173|  3.4|X *|E
RXCJ0137.2-0912|          | |01 37 15.4 -09 12 10|0.0409|  5|  7.090|   8.4|  0.272|  9.5|  0.316|  2.8|   |S,120
RXCJ0145.0-5300|A2941     | |01 45 02.3 -53 00 50|0.1168|  4|  6.028|  16.0|  2.005|  7.5|  2.253|  2.3|   |E
RXCJ0145.2-6033|RBS 0238  |c|01 45 16.7 -60 33 54|0.1805| 11|  4.811|  13.4|  4.010|  4.5|  4.890|  3.4|   |E
RXCJ0152.7+0100|A0267     | |01 52 42.3 +01 00 45|0.2300|  1|  3.090|  14.6|  4.329|  5.0|  4.919|  2.8|DB |55,147,159
RXCJ0152.9-1345|NGC0720   | |01 52 59.0 -13 45 12|0.0050|  3|  2.284|  16.4|  0.001| 10.5|  0.001|  1.7|   |12,160,161
RXCJ0157.4-0550|A0281     | |01 57 24.3 -05 50 24|0.1289|  4|  3.277|  14.7|  1.355| 10.0|  1.397|  2.2|D  |E,1
RXCJ0201.7-0212|A0291     | |02 01 44.2 -02 12 03|0.1960|  2|  4.244|  11.5|  4.199|  5.0|  4.883|  2.6|   |S,53,54
RXCJ0202.3-0107|A0295     | |02 02 19.9 -01 07 13|0.0427| 47|  3.586|  13.7|  0.151| 14.0|  0.157|  2.6|   |2,148,162
RXCJ0206.4-1453|A0305     | |02 06 30.0 -14 53 38|0.1529|  2|  2.993|  17.9|  1.778|  6.0|  1.976|  2.5|   |S
RXCJ0211.4-4017|A2984     | |02 11 25.5 -40 17 12|0.1008|  6|  3.222|  11.5|  0.798|  8.0|  0.858|  1.4|   |33
RXCJ0216.7-4749|S0239     | |02 16 42.3 -47 49 24|0.0640|  1|  3.574|  16.9|  0.346| 11.5|  0.364|  3.0|   |5,9,29
RXCJ0217.2-5244|          | |02 17 12.6 -52 44 49|0.3432|  2|  3.641|  15.4| 11.914| 11.5| 12.034|  3.2|   |E
RXCJ0220.9-3829|          | |02 20 56.6 -38 29 05|0.2280|  5|  3.406|  11.8|  4.679|  7.0|  5.031|  1.9|   |E
RXCJ0225.1-2928|          | |02 25 10.5 -29 28 26|0.0604| 17|  4.736|  23.4|  0.408| 12.0|  0.434|  1.7|   |S,96
RXCJ0225.9-4154|A3016     | |02 25 54.6 -41 54 35|0.2195|  1|  5.185|  11.2|  6.507| 11.0|  6.640|  2.1|   |S
RXCJ0229.3-3332|          | |02 29 22.3 -33 32 16|0.0792| 17|  3.912|  12.9|  0.588| 12.5|  0.606|  2.1|P  |S,33
RXCJ0230.7-3305|A3027     | |02 30 43.5 -33 05 55|0.0760| 22|  3.207|  15.7|  0.445| 15.0|  0.449|  2.0|PB |33
RXCJ0231.9+0114|RCS145    |d|02 31 57.1 +01 14 40|0.0221| 10|  2.618|  21.1|  0.029| 14.5|  0.031|  2.9|   |55,64,110
RXCJ0232.2-4420|          | |02 32 16.8 -44 20 51|0.2836|  2|  4.074|  17.7|  8.875|  6.5|  9.647|  2.6|B  |S
RXCJ0236.6-1923|A0367     | |02 36 40.2 -19 23 13|0.0907| 27|  3.434|  14.6|  0.679|  8.5|  0.730|  2.7|   |140,141
RXCJ0237.4-2630|A0368     | |02 37 29.2 -26 30 17|0.2216| 10|  3.082|  15.4|  3.971|  6.5|  4.270|  1.6|   |E
RXCJ0248.0-0332|A0383     | |02 48 02.0 -03 32 15|0.1883|  1|  4.837|  18.3|  4.377| 10.0|  4.559|  4.1|   |S,7,147
RXCJ0249.6-3111|S0301     | |02 49 36.9 -31 11 19|0.0230| 28|  6.979|   8.6|  0.083| 17.0|  0.089|  1.8|L  |14,28,72,96
RXCJ0250.2-2129|          | |02 50 17.2 -21 29 56|0.2070|  2|  3.526|  16.5|  3.942|  6.5|  4.285|  2.5|X *|E
RXCJ0252.8-0116|NGC1132   | |02 52 49.4 -01 16 27|0.0235|  6|  6.028|  16.2|  0.075|  9.5|  0.091|  5.2|   |55,163
RXCJ0301.6+0155|Zw0258.9  |e|03 01 37.2 +01 55 11|0.1712| 14|  4.973|  15.8|  3.704|  6.0|  4.209|  7.7|X  |E
RXCJ0303.3+0155|A0409     | |03 03 21.1 +01 55 35|0.1530|  1|  5.082|  15.1|  2.990|  6.0|  3.437|  7.8|   |53
RXCJ0303.7-7752|          | |03 03 46.4 -77 52 09|0.2742|  8|  3.243|  20.2|  6.593|  6.0|  7.166|  8.9|   |E
RXCJ0304.1-3656|A3084     | |03 04 07.2 -36 56 36|0.2192|  2|  3.010|  15.5|  3.806|  7.0|  4.049|  2.0|   |E
RXCJ0307.0-2840|A3088     | |03 07 04.1 -28 40 14|0.2537| 10|  3.877|  17.3|  6.675|  9.0|  6.953|  1.4|   |E
RXCJ0311.4-2653|A3094     | |03 11 25.0 -26 53 59|0.0685| 23|  2.942|  50.4|  0.329|  8.0|  0.362|  1.6|   |3,17,33,96
RXCJ0314.3-4525|A3104     | |03 14 19.8 -45 25 27|0.0718|  4|  8.255|   9.5|  1.009|  9.5|  1.134|  3.6|   |E
RXCJ0317.9-4414|A3112     | |03 17 58.5 -44 14 20|0.0752| 38| 29.301|   3.9|  3.904| 15.5|  4.243|  2.5|   |S,3,31
RXCJ0322.2-5310|APMCC391  |f|03 22 12.7 -53 10 41|0.0797|  6|  3.099|  10.9|  0.476| 12.0|  0.491|  2.3|   |E
RXCJ0322.3-4121|A3122     | |03 22 18.6 -41 21 34|0.0643| 87|  6.355|   9.7|  0.616| 14.0|  0.642|  2.1|   |3,140,141
RXCJ0328.6-5542|A3126     | |03 28 37.5 -55 42 46|0.0853| 42|  8.441|   7.6|  1.476| 10.0|  1.622|  3.1|   |38,164
RXCJ0330.0-5235|A3128     | |03 30 00.7 -52 35 46|0.0624| 40| 12.786|   5.5|  1.171| 22.0|  1.195|  1.5|DL |3,38,131,165
RXCJ0331.1-2100|          | |03 31 07.3 -21 00 12|0.1880|  9|  4.044|  24.5|  3.662|  4.5|  4.360|  2.5|X *|E
RXCJ0334.9-5342|APMCC421  |f|03 34 56.2 -53 42 08|0.0619|  4|  3.323|  11.9|  0.301| 14.0|  0.307|  1.2|   |24,17,164
RXCJ0336.3-4037|A3140     | |03 36 18.7 -40 37 20|0.1729|  9|  5.631|  15.4|  4.267|  8.0|  4.588|  1.4|   |E
RXCJ0336.3-0347|          | |03 36 22.9 -03 47 29|0.1595|  3|  3.745|  15.9|  2.426|  9.5|  2.527|  4.9|X *|E
RXCJ0337.0-3949|A3142     | |03 36 60.0 -39 49 12|0.1030| 21|  3.298|  23.6|  0.855| 10.0|  0.891|  1.8|   |2
RXCJ0338.4-3526|FORNAX    | |03 38 27.9 -35 26 54|0.0051| 32| 21.272|  11.1|  0.012| 19.0|  0.016|  1.5|B  |166,167,168,170,171
RXCJ0340.1-5503|IC 1987   | |03 40 08.6 -55 03 14|0.0464|  1|  3.803|  12.0|  0.190| 17.0|  0.194|  2.2|L  |17,164
RXCJ0340.1-1835|NGC1407   |g|03 40 11.4 -18 35 15|0.0056|  4|  3.443|  14.0|  0.002| 14.5|  0.002|  5.2|   |172
RXCJ0340.6-0239|          | |03 40 41.8 -02 39 57|0.0352|  2|  7.923|  10.6|  0.225| 17.5|  0.237|  7.3|   |E
RXCJ0340.8-4542|RBS 0459  |c|03 40 49.3 -45 42 19|0.0698|  9|  3.981|  14.0|  0.461| 10.5|  0.490|  1.6|   |E
RXCJ0342.8-5338|A3158     | |03 42 53.9 -53 38 07|0.0590|105| 36.344|   3.3|  2.951| 30.0|  3.011|  1.1|L  |2
RXCJ0345.7-4112|S0384     | |03 45 45.7 -41 12 27|0.0603|  1|  5.763|  18.9|  0.495| 11.5|  0.532|  1.9|   |E,29,30
RXCJ0345.9-2416|A0458     | |03 45 56.0 -24 16 49|0.1057| 30|  5.510|  10.0|  1.501|  9.5|  1.614|  1.6|   |1
RXCJ0346.1-5702|A3164     | |03 46 09.6 -57 02 60|0.0570|  3|  7.465|  12.7|  0.570| 20.0|  0.576|  2.6|L  |146
RXCJ0347.0-2900|A3165     | |03 47 00.2 -29 00 13|0.1419|  3|  4.054|  22.0|  2.033|  8.0|  2.186|  0.9|   |19,173
RXCJ0351.1-8212|S0405     | |03 51 08.9 -82 12 60|0.0613|  2| 14.078|   8.0|  1.243| 16.5|  1.308|  7.7|L  |E,27
RXCJ0352.3-5453|RBS 0485  |c|03 52 20.7 -54 53 09|0.0447|  2|  3.798|  25.9|  0.176| 13.0|  0.185|  3.0|   |E
RXCJ0358.8-2955|A3192     | |03 58 50.5 -29 55 18|0.1681| 13|  3.060|  13.3|  2.202|  7.5|  2.343|  1.0|   |E
RXCJ0359.1-0320|          | |03 59 09.2 -03 20 28|0.1220|  4|  3.546|  17.1|  1.302|  8.5|  1.385|  8.2|   |E
RXCJ0408.2-3053|A3223     | |04 08 16.2 -30 53 40|0.0600| 81|  8.186|   8.8|  0.693| 16.0|  0.722|  1.8|   |E,2
RXCJ0413.9-3805|          | |04 13 57.1 -38 05 60|0.0501| 22| 12.608|   7.7|  0.734| 15.0|  0.789|  1.4|B  |E,31,96,144
RXCJ0419.6+0224|NGC1550   | |04 19 37.8 +02 24 50|0.0131|  7| 40.095|   6.1|  0.153| 22.0|  0.182| 11.6|L  |11,64,123,174
RXCJ0425.8-0833|RBS 0540  |c|04 25 51.4 -08 33 33|0.0397|  2| 28.011|   5.8|  1.008| 13.5|  1.186|  6.4|X  |E,175,176
RXCJ0429.1-5350|S0463     | |04 29 07.8 -53 50 51|0.0400| 28|  4.018|  16.5|  0.148| 10.0|  0.164|  0.8|   |19,72,74,177
RXCJ0431.4-6126|A3266     | |04 31 24.1 -61 26 38|0.0589|317| 49.741|   1.8|  4.019| 18.0|  4.416|  1.5|   |155
RXCJ0433.6-1315|A0496     | |04 33 38.4 -13 15 33|0.0326|143| 72.075|   3.7|  1.746| 19.0|  2.054|  5.7|   |120,130,152,178,179
RXCJ0437.1-2027|A0499     | |04 37 07.2 -20 27 26|0.1550|  2|  3.442|  56.5|  2.094| 13.0|  2.094|  2.6|X  |E
RXCJ0437.1+0043|          | |04 37 10.1 +00 43 38|0.2842|  5|  3.942|  13.0|  8.629|  8.5|  8.989|  8.2|   |E
RXCJ0438.9-2206|A0500     | |04 38 54.7 -22 06 49|0.0670|  3|  6.168|  16.1|  0.652| 10.0|  0.716|  2.8|   |29
RXCJ0445.1-1551|NGC1650   | |04 45 10.0 -15 51 01|0.0360|  3|  8.634|  10.3|  0.255| 16.0|  0.274|  4.8|   |120
RXCJ0448.2-2028|A0514     | |04 48 12.2 -20 28 11|0.0720| 90|  8.583|   8.8|  1.052| 15.5|  1.096|  3.2|   |2
RXCJ0449.9-4440|A3292     | |04 49 55.2 -44 40 41|0.1501|  2|  4.418|  13.7|  2.501|  6.0|  2.842|  1.5|   |E
RXCJ0454.1-1014|A0521     | |04 54 09.1 -10 14 19|0.2475| 42|  4.944|  16.6|  8.014| 11.5|  8.178|  5.4|   |E,180
RXCJ0454.8-1806|CID 28    |b|04 54 50.3 -18 06 33|0.0335| 17|  5.539|  11.8|  0.142| 12.5|  0.156|  4.2|   |E,120
RXCJ0500.7-3840|A3301     | |05 00 46.5 -38 40 41|0.0536|  5|  7.370|  10.0|  0.495| 13.5|  0.527|  3.1|   |40
RXCJ0501.3-0332|A0531     | |05 01 19.4 -03 32 33|0.0913| 10|  3.994|  23.4|  0.801| 10.0|  0.843|  6.0|   |E
RXCJ0501.6+0110|          | |05 01 39.1 +01 10 30|0.1248| 15|  4.398|  16.3|  1.696| 10.0|  1.785|  7.9|B  |E
RXCJ0507.6-0238|A0535     | |05 07 36.0 -02 38 24|0.1241|  2|  3.341|  21.7|  1.273| 13.0|  1.286|  9.7|B  |E
RXCJ0507.7-0915|A0536     | |05 07 45.7 -09 15 16|0.0398|  1|  5.056|  13.7|  0.184| 14.0|  0.196|  7.9|   |1
RXCJ0510.2-4519|A3322     | |05 10 13.9 -45 19 16|0.2000|  1|  4.792|  14.3|  4.960|  6.5|  5.511|  3.4|   |181
RXCJ0510.7-0801|          | |05 10 44.7 -08 01 06|0.2195| 14|  6.565|  10.7|  8.209| 10.0|  8.551|  8.3|   |E
RXCJ0514.6-4903|A3330     | |05 14 36.3 -49 03 18|0.0912|  2|  4.130|  17.9|  0.826| 14.0|  0.843|  2.4|   |17,32,182
RXCJ0516.6-5430|S0520     | |05 16 38.0 -54 30 51|0.2952|  8|  5.816|  21.5| 13.727| 16.5| 13.866|  6.2|   |E
RXCJ0521.4-4049|A3336     | |05 21 29.6 -40 49 29|0.0756|  2|  4.899|  19.4|  0.667| 15.0|  0.681|  3.3|   |17,69
RXCJ0525.5-3135|A3341     | |05 25 32.8 -31 35 44|0.0380| 64| 11.350|   7.3|  0.375| 16.5|  0.403|  1.8|   |2
RXCJ0525.8-4715|A3343     | |05 25 51.6 -47 15 02|0.1913|  5|  3.814|  11.1|  3.594|  7.5|  3.865|  4.0|   |E
RXCJ0528.2-2942|          | |05 28 15.4 -29 42 57|0.1582|  2|  3.864|  37.6|  2.458| 12.0|  2.483|  1.8|B  |E
RXCJ0528.9-3927|RBS 0653  | |05 28 56.3 -39 27 46|0.2839|  4|  5.888|   8.6| 12.856| 11.0| 13.118|  2.1|X  |E
RXCJ0530.6-2226|A0543     | |05 30 38.4 -22 26 54|0.1706| 11|  5.828|  11.2|  4.288| 14.0|  4.331|  2.6|   |E,1
RXCJ0532.3-1131|A0545     | |05 32 23.1 -11 31 50|0.1540|  2|  8.490|   8.7|  5.047|  7.5|  5.671| 11.2|   |1
RXCJ0532.9-3701|          | |05 32 55.5 -37 01 28|0.2708|  9|  3.302|  11.7|  6.525|  7.0|  6.941|  2.7|   |E
RXCJ0533.3-3619|S0535     | |05 33 18.5 -36 19 32|0.0479|  4|  3.734|  11.9|  0.199| 13.0|  0.209|  2.9|   |E
RXCJ0538.2-2037|A3358     | |05 38 16.3 -20 37 23|0.0915|  0|  4.601|  10.4|  0.927|  6.5|  1.066|  4.0|   |106
RXCJ0540.1-4050|S0540     | |05 40 06.3 -40 50 32|0.0358|  1| 14.881|   5.2|  0.438| 15.5|  0.481|  3.5|   |5,9
RXCJ0540.1-4322|A3360     | |05 40 10.0 -43 22 56|0.0850| 36|  4.759|   9.6|  0.830| 11.0|  0.874|  3.8|B  |38,140,141
RXCJ0542.1-2607|CID 36    |b|05 42 09.3 -26 07 25|0.0390|  4|  7.375|   8.9|  0.257| 18.0|  0.268|  1.9|P  |E,120
RXCJ0543.4-4430|          | |05 43 24.4 -44 30 19|0.1637|  3|  4.174|   9.4|  2.816| 12.0|  2.873|  4.6|   |E
RXCJ0545.4-2556|A0548W    | |05 45 27.2 -25 56 20|0.0424|155|  2.440|  13.5|  0.102|  9.5|  0.111|  1.8|P  |2,72
RXCJ0545.5-4756|A3363     | |05 45 30.6 -47 56 26|0.1254|  2|  4.522|   9.4|  1.762| 10.0|  1.855|  6.2|B  |E
RXCJ0547.6-3152|A3364     | |05 47 38.2 -31 52 31|0.1483| 10|  8.526|   7.5|  4.667| 17.5|  4.667|  2.0|   |E
RXCJ0547.7-4723|S0547     | |05 47 45.6 -47 23 24|0.0515|  2|  2.876|  29.6|  0.178| 15.0|  0.182|  6.5|   |E
RXCJ0548.6-2527|A0548E    | |05 48 39.5 -25 27 30|0.0420|237| 14.109|   6.2|  0.573| 21.0|  0.597|  1.9|PL |3
RXCJ0548.8-2154|          | |05 48 50.4 -21 54 43|0.0928|  9|  3.977|  12.3|  0.825| 11.5|  0.859|  3.0|   |E,3
RXCJ0552.8-2103|A0550     | |05 52 52.4 -21 03 25|0.0989| 25| 10.319|   6.8|  2.429| 13.5|  2.557|  4.3|   |E
RXCJ0557.2-3727|S0555     | |05 57 13.2 -37 27 58|0.0442|  4|  7.141|  10.9|  0.322| 17.5|  0.335|  4.0|   |E
RXCJ0600.8-5835|S0560     | |06 00 48.3 -58 35 14|0.0369|  2|  2.600|   7.6|  0.082| 12.5|  0.086|  4.6|   |E
RXCJ0601.7-3959|A3376     | |06 01 45.7 -39 59 34|0.0468| 32| 20.492|   4.8|  1.036| 21.5|  1.079|  5.0|L  |72
RXCJ0605.8-3518|A3378     | |06 05 52.8 -35 18 02|0.1392|  2|  9.393|   6.2|  4.478| 12.5|  4.665|  4.3|   |E
RXCJ0607.0-4928|A3380     | |06 07 01.4 -49 28 60|0.0553|  3|  3.592|  14.4|  0.258| 14.0|  0.266|  4.6|B  |E
RXCJ0616.5-3948|S0579     | |06 16 31.4 -39 48 01|0.1520|  7|  5.180|   9.7|  3.004| 11.0|  3.097|  8.2|   |E
RXCJ0616.8-4748|          | |06 16 53.6 -47 48 18|0.1164|  1|  4.813|   9.8|  1.597| 14.0|  1.613|  4.8|   |E
RXCJ0621.7-5242|          | |06 21 43.6 -52 42 11|0.0511|  2|  5.058|   8.8|  0.308| 14.0|  0.324|  5.2|   |70,71
RXCJ0624.6-3720|A3390     | |06 24 36.7 -37 20 09|0.0333| 15|  5.608|  11.3|  0.142| 17.5|  0.148|  7.1|D  |146
RXCJ0626.3-5341|A3391     | |06 26 22.8 -53 41 44|0.0514| 85| 19.583|   3.8|  1.198| 19.0|  1.261|  5.4|   |1
RXCJ0627.1-3529|A3392     | |06 27 08.2 -35 29 20|0.0554|  9|  9.969|   6.3|  0.715|  9.0|  0.841|  7.1|   |146
RXCJ0627.2-5428|A3395     | |06 27 14.4 -54 28 12|0.0506|159| 23.679|   3.2|  1.403| 18.0|  1.509|  8.5|PL |1
RXCJ0628.8-4143|A3396     | |06 28 49.8 -41 43 42|0.1759| 10|  5.743|   9.2|  4.521| 12.0|  4.613|  6.3|   |E
RXCJ0631.3-5610|          | |06 31 20.7 -56 10 20|0.0540|  3|  7.695|   9.0|  0.525| 20.0|  0.536|  7.9|L  |E
RXCJ0637.3-4828|A3399     | |06 37 18.9 -48 28 42|0.2026| 11|  3.400|  10.2|  3.641|  6.5|  3.958|  6.9|   |E
RXCJ0638.7-5358|S0592     | |06 38 46.5 -53 58 18|0.2266| 11|  7.531|   8.1| 10.085|  9.5| 10.616|  6.6|   |E
RXCJ0645.4-5413|A3404     | |06 45 29.3 -54 13 08|0.1644|  2| 10.597|   7.9|  7.139| 13.0|  7.360|  6.6|   |E
RXCJ0658.5-5556|1ES0657   |h|06 58 31.1 -55 56 49|0.2965| 78|  9.079|   7.9| 21.646|  9.0| 23.028|  6.3|   |E,73,79
RXCJ0712.0-6030|AM 0711   |i|07 12 05.4 -60 30 06|0.0322|  2|  3.515|  17.7|  0.083| 15.0|  0.087|  9.7|   |E
RXCJ0738.1-7506|          | |07 38 09.0 -75 06 24|0.1110|  3|  3.083|  15.9|  0.938|  8.5|  0.998| 17.4|   |E
RXCJ0821.8+0112|A0653     | |08 21 51.7 +01 12 42|0.0822|  6|  4.142|  19.2|  0.673| 12.0|  0.701|  4.2|B  |E
RXCJ0909.1-0939|A0754     | |09 09 08.4 -09 39 58|0.0542| 92| 57.001|   3.3|  3.879| 19.0|  4.310|  4.6|   |146
RXCJ0910.6-1034|A0761     | |09 10 36.3 -10 34 52|0.0916|  2|  5.161|  11.5|  1.042|  7.5|  1.171|  4.6|   |53,81
RXCJ0918.1-1205|A0780     | |09 18 06.5 -12 05 36|0.0539|  4| 39.461|   9.1|  2.659| 15.0|  3.022|  4.9|BX |1
RXCJ0937.9-2020|S0617     | |09 37 59.7 -20 20 45|0.0344| 11|  3.592|  11.5|  0.098| 12.0|  0.105|  4.0|   |25
RXCJ0944.1-2116|          | |09 44 10.3 -21 16 40|0.0077|  1|  2.480|  43.5|  0.003| 11.5|  0.004|  4.4|   |E,12,84
RXCJ0944.6-2633|          | |09 44 36.6 -26 33 56|0.1421|  3|  6.032|  10.0|  3.019|  6.0|  3.510|  6.0|   |E
RXCJ0945.4-0839|A0868     | |09 45 24.4 -08 39 15|0.1535|  2|  4.726|  10.8|  2.814|  8.5|  2.994|  4.2|   |1,56
RXCJ0948.6-8327|          | |09 48 39.4 -83 27 56|0.1982|  1|  3.025|  25.9|  3.085|  7.5|  3.282|  9.2|D  |E
RXCJ0953.2-1558|          | |09 53 12.1 -15 58 52|0.0302|  2|  3.675|  13.9|  0.077| 15.0|  0.081|  5.3|   |E
RXCJ0956.4-1004|A0901     | |09 56 26.4 -10 04 12|0.1634|  9|  9.115|   9.6|  6.077| 17.0|  6.077|  5.1|D  |E
RXCJ0958.3-1103|A0907     | |09 58 22.1 -11 03 35|0.1669|  2|  7.833|   8.3|  5.472|  8.5|  5.948|  5.1|   |E
RXCJ1013.5-1350|          | |10 13 36.0 -13 50 33|0.1517|  5|  3.776|  14.6|  2.191|  6.5|  2.434|  7.6|   |H
RXCJ1013.6-0054|A0957     | |10 13 40.3 -00 54 52|0.0445| 48|  9.014|  12.8|  0.412| 16.5|  0.434|  3.8|   |3,41,55,96
RXCJ1013.7-0006|A0954     | |10 13 44.8 -00 06 31|0.0927| 19|  3.393|  14.9|  0.703|  8.0|  0.764|  3.8|   |55,119
RXCJ1017.3-1040|A0970     | |10 17 23.4 -10 40 39|0.0586| 51| 11.231|   8.8|  0.905| 12.5|  0.995|  5.1|   |85
RXCJ1020.4-0631|A0978     | |10 20 28.8 -06 31 11|0.0540| 63|  3.704|  13.2|  0.253| 11.0|  0.269|  4.7|   |2
RXCJ1023.8-2715|A3444     | |10 23 50.8 -27 15 31|0.2542|  7|  7.055|   9.7| 12.109|  6.0| 13.760|  5.6|   |H
RXCJ1027.9-0647|A1023     | |10 27 59.6 -06 47 46|0.1176|  6|  3.146|  15.6|  1.075|  6.0|  1.208|  4.5|X *|H
RXCJ1036.6-2731|A1060     | |10 36 41.8 -27 31 28|0.0126|154| 84.353|   6.5|  0.297| 35.5|  0.334|  4.9|L  |146
RXCJ1038.4-2454|          | |10 38 24.1 -24 54 10|0.1230| 10|  4.134|  13.5|  1.545|  8.5|  1.661|  5.5|   |H
RXCJ1039.7-0841|A1069     | |10 39 44.5 -08 41 01|0.0650| 35|  6.444|  15.2|  0.639| 13.0|  0.673|  3.9|   |2
RXCJ1041.5-1123|          | |10 41 34.2 -11 23 19|0.0839|  7|  3.178|  15.3|  0.544| 10.0|  0.573|  4.1|   |H
RXCJ1044.5-0704|A1084     | |10 44 33.0 -07 04 22|0.1342|  6|  9.451|  12.2|  4.213|  7.0|  4.899|  3.4|   |H
RXCJ1050.4-1250|USGC S152 |j|10 50 25.5 -12 50 47|0.0155|  6| 10.929|   6.8|  0.059| 13.0|  0.072|  5.0|   |E,20,31
RXCJ1050.5-0236|A1111     | |10 50 35.5 -02 36 00|0.1651|  9|  3.636|  15.0|  2.512|  7.0|  2.730|  4.0|BX |H
RXCJ1050.6-2405|          | |10 50 36.3 -24 05 46|0.2037|  1|  3.601|  18.4|  3.904|  8.5|  4.067|  5.9|X *|E
RXCJ1058.1+0135|A1139     | |10 58 10.4 +01 35 11|0.0398| 27|  2.379|  20.0|  0.087| 15.0|  0.089|  4.0|B  |146
RXCJ1101.2-2243|A1146     | |11 01 16.8 -22 43 41|0.1416| 58|  3.464|  15.4|  1.740|  7.0|  1.891|  6.2|   |1,86
RXCJ1107.3-2300|S0651     | |11 07 19.0 -23 00 08|0.0639|  2|  4.570|  16.2|  0.441| 15.0|  0.450|  5.2|   |H
RXCJ1114.1-3811| MS1111.8 |k|11 14 12.0 -38 11 21|0.1306|  9|  6.979|  10.9|  2.942| 12.0|  3.065|  9.9|   |E
RXCJ1115.8+0129|          | |11 15 54.0 +01 29 44|0.3499|  3|  3.848|  22.2| 13.172|  9.0| 13.579|  4.4|B  |E
RXCJ1130.3-1434|A1285     | |11 30 19.5 -14 34 59|0.1068|  8|  9.929|  13.1|  2.754| 14.5|  2.839|  4.1|   |H
RXCJ1131.9-1955|A1300     | |11 31 56.3 -19 55 37|0.3075| 60|  5.117|  14.7| 13.270|  8.5| 13.968|  4.5|   |87,88
RXCJ1135.2-1331|A1317     | |11 35 17.2 -13 31 08|0.0722|  6|  4.046|  17.6|  0.505| 11.0|  0.532|  3.8|   |19,89
RXCJ1139.4-3327|          | |11 39 27.3 -33 27 14|0.1076|  5|  4.313|  55.2|  1.220|  7.5|  1.341|  6.9|   |H
RXCJ1141.4-1216|A1348     | |11 41 24.3 -12 16 20|0.1195|  6|  5.344|  12.3|  1.877|  7.0|  2.109|  3.3|X  |H,16
RXCJ1145.3-3425|A3490     | |11 45 19.1 -34 25 43|0.0697|  7|  6.414|  15.6|  0.737|  9.0|  0.828|  6.4|   |H
RXCJ1149.7-1219|A1391     | |11 49 47.8 -12 19 04|0.1557|  6|  4.792|  15.2|  2.930| 11.0|  3.021|  3.1|X  |19,31
RXCJ1151.6-1619|          | |11 51 38.1 -16 19 14|0.0722|  4|  5.182|  12.3|  0.641|  7.0|  0.745|  3.5|   |H
RXCJ1200.0-3124|A3497     | |12 00 05.0 -31 24 21|0.0685|  2|  6.467|  32.4|  0.716| 12.5|  0.762|  5.7|   |H
RXCJ1202.9-0650|A1448     | |12 02 54.3 -06 50 07|0.1268|  6|  3.890|  14.1|  1.552| 12.0|  1.584|  3.0|   |16,31,80
RXCJ1203.2-2131|A1451     | |12 03 17.0 -21 31 22|0.1992| 16|  6.271|  21.4|  6.408|  5.0|  7.629|  4.5|   |H
RXCJ1204.4+0154|MKW4      | |12 04 25.2 +01 54 02|0.0199| 25| 17.188|   6.0|  0.153| 17.0|  0.176|  1.9|   |64,94,95,97
RXCJ1206.2-0848|          | |12 06 12.5 -08 48 22|0.4414|  1|  3.231|  15.8| 18.325|  5.0| 20.590|  4.2|   |E
RXCJ1212.3-1816|          | |12 12 18.9 -18 16 43|0.2690|  2|  3.121|  45.6|  6.073| 10.0|  6.197|  4.5|X  |E
RXCJ1215.4-3900|          | |12 15 29.0 -39 00 55|0.1190|  6|  5.534|  35.5|  1.916| 10.5|  2.017|  6.3|   |H
RXCJ1219.3-1315|A1520     | |12 19 19.8 -13 15 36|0.0688|  5|  4.081|  35.0|  0.460|  2.5|  0.821|  4.0|   |E
RXCJ1234.2-3856|          | |12 34 17.0 -38 56 34|0.2373|  2|  3.995|  14.0|  5.979|  4.0|  7.291|  6.2|X *|E
RXCJ1236.7-3354|S0700     | |12 36 44.7 -33 54 10|0.0796|  4|  4.932|  19.8|  0.749|  8.5|  0.832|  5.6|   |H
RXCJ1236.7-3531|S0701     | |12 36 46.5 -35 31 58|0.0736|  2|  3.913|  16.4|  0.508|  8.5|  0.558|  5.3|   |H
RXCJ1244.6-1159|A1606     | |12 44 38.0 -11 59 07|0.0963|  9|  6.344|  13.1|  1.416| 10.5|  1.506|  3.7|   |31
RXCJ1247.7-0247|A1612     | |12 47 43.2 -02 47 32|0.1797|  2|  3.111|  34.0|  2.595| 11.5|  2.621|  1.8|   |E
RXCJ1248.7-4118|A3526     | |12 48 47.9 -41 18 28|0.0114|287|250.983|   2.4|  0.721| 80.0|  0.751|  8.2|L  |158
RXCJ1252.5-3116|          | |12 52 34.1 -31 16 04|0.0535|  3| 12.910|   7.8|  0.861|  9.5|  1.013|  5.5|   |H
RXCJ1253.0-0912|HCG 62    | |12 53 05.5 -09 12 01|0.0146| 45|  6.538|  13.2|  0.031| 13.0|  0.037|  2.9|   |48
RXCJ1253.2-1522|A1631     | |12 53 14.4 -15 22 48|0.0462| 71|  6.720|  14.9|  0.332| 18.5|  0.342|  4.0|   |1,148
RXCJ1253.6-3931|          | |12 53 40.9 -39 31 55|0.1794|  1| 11.009|   8.3|  8.971|  6.0| 10.680|  7.9|X *|E
RXCJ1254.0-0642|A1634     | |12 54 02.7 -06 42 04|0.1962|  2|  4.049|  22.5|  4.016| 12.5|  4.057|  2.5|B  |E
RXCJ1254.3-2901|A3528N    | |12 54 23.5 -29 01 22|0.0542| 69|  8.801|  20.0|  0.603|  8.0|  0.727|  6.1|PB |2
RXCJ1254.6-2913|A3528S    | |12 54 41.4 -29 13 24|0.0544| 52| 15.402|  16.0|  1.064| 12.0|  1.196|  6.1|PB |H,3,64,75,98
RXCJ1254.7-1526|          | |12 54 46.9 -15 26 40|0.1506| 14|  3.737|  18.9|  2.134| 10.5|  2.200|  4.0|   |H
RXCJ1255.5-3019|A3530     | |12 55 34.5 -30 19 50|0.0541| 46| 10.314|  10.4|  0.704| 16.5|  0.741|  6.0|B  |75,77,76,98
RXCJ1255.7-1239|          | |12 55 42.1 -12 39 18|0.0585| 13|  2.989|  22.2|  0.241| 10.5|  0.256|  3.6|   |16,31,99
RXCJ1256.9-3119|          | |12 56 59.8 -31 19 19|0.0561| 16|  5.378|  16.0|  0.397| 12.5|  0.422|  6.0|   |12,75
RXCJ1257.1-1724|A1644     | |12 57 09.8 -17 24 01|0.0473| 92| 37.967|  10.0|  1.952| 22.0|  2.077|  5.3|L  |1
RXCJ1257.1-1339|          | |12 57 10.1 -13 39 20|0.0151|  2|  2.302|  18.0|  0.012|  6.5|  0.016|  3.5|   |20
RXCJ1257.2-3022|A3532     | |12 57 16.9 -30 22 37|0.0554| 44| 18.733|  24.0|  1.340| 15.5|  1.457|  6.0|B  |1,104
RXCJ1258.6-0145|A1650     | |12 58 41.1 -01 45 25|0.0845|  2| 20.909|   6.1|  3.563| 14.0|  3.873|  1.5|   |1
RXCJ1258.8-2640|A1648     | |12 58 49.8 -26 40 03|0.0767|  2|  5.119|  31.2|  0.719|  8.5|  0.799|  6.9|   |H
RXCJ1259.3-0411|A1651     | |12 59 21.5 -04 11 41|0.0845| 34| 23.207|   6.0|  3.946| 14.0|  4.289|  1.7|   |78,105
RXCJ1301.6-0650|          | |13 01 36.3 -06 50 00|0.0898|  4|  4.008|  76.4|  0.776| 14.0|  0.792|  2.6|   |31
RXCJ1302.8-0230|A1663     | |13 02 50.7 -02 30 22|0.0847|  3|  4.460|  21.9|  0.772| 12.0|  0.804|  1.7|   |E,19,31
RXCJ1303.7-2415|A3541     | |13 03 44.0 -24 15 03|0.1288|  8|  8.656|  12.5|  3.541|  7.5|  4.024|  9.2|   |H
RXCJ1304.2-3030|          | |13 04 16.7 -30 30 55|0.0117|  8|  8.280|  13.6|  0.025| 20.0|  0.028|  6.2|L  |5,82,83,98
RXCJ1305.9-3739|S0721     | |13 05 54.5 -37 39 41|0.0497| 25|  8.181|  23.9|  0.470| 16.0|  0.495|  5.6|DB |14
RXCJ1309.2-0136|MS1306.7  |l|13 09 17.0 -01 36 45|0.0880|  0|  5.334|  15.1|  0.989| 12.5|  1.030|  1.8|   |39
RXCJ1311.4-0120|A1689     | |13 11 30.0 -01 20 07|0.1832| 66| 15.332|   8.0| 13.088| 10.5| 14.073|  1.8|   |1
RXCJ1314.2-0659|A1698     | |13 14 13.5 -06 59 36|0.1892|  7|  3.942|  19.9|  3.624| 11.0|  3.698|  2.8|   |E
RXCJ1314.4-2515|          | |13 14 28.0 -25 15 41|0.2439|  9|  6.794|  16.5| 10.615| 11.5| 10.943|  6.7|   |H
RXCJ1315.3-1623|NGC 5044  | |13 15 24.0 -16 23 23|0.0087| 16| 58.129|   4.0|  0.097| 36.0|  0.110|  4.9|L  |15,20,64,74,90,91,92,93
RXCJ1317.1-3821|          | |13 17 09.6 -38 21 42|0.2553|  2|  4.062|  14.8|  7.059|  4.5|  8.305|  4.7|   |E
RXCJ1320.7-4102|S0727     | |13 20 42.7 -41 02 23|0.0495|  7|  4.906|  17.8|  0.280| 13.0|  0.298|  7.3|   |E
RXCJ1325.1-2014|A1732     | |13 25 06.8 -20 14 11|0.1926| 10|  4.160|  14.8|  3.959|  9.0|  4.124|  7.8|   |H
RXCJ1326.2+0013|          | |13 26 17.8 +00 13 32|0.0826| 16|  5.548|  11.7|  0.911|  9.0|  1.001|  1.8|X  |E,55,96,55,96
RXCJ1326.9-2710|A1736     | |13 26 54.0 -27 10 60|0.0458|109| 36.893|   6.5|  1.778| 34.0|  1.796|  5.4|L  |146
RXCJ1327.9-3130|A3558     | |13 27 57.5 -31 30 09|0.0480|341| 58.526|   3.9|  3.096| 18.0|  3.518|  3.6|P  |1,14,44,102,141,148
RXCJ1329.7-3136|A3558 (B) | |13 29 42.9 -31 36 09|0.0488| 57| 14.434|  30.0|  0.796| 14.5|  0.865|  3.6|PB |3,14,44,63,101,102
RXCJ1330.8-0152|A1750     | |13 30 49.9 -01 52 22|0.0852| 46| 13.211|  11.6|  2.291| 24.0|  2.291|  2.5|DL |1,41,96
RXCJ1331.5-3148|A3558 (C) | |13 31 32.4 -31 48 55|0.0448| 55|  4.901|  32.0|  0.226|  9.0|  0.257|  4.0|PB |H,3,14,74,76,100,101,102
RXCJ1332.3-3308|A3560     | |13 32 22.6 -33 08 22|0.0487| 29| 14.129|   9.3|  0.775| 15.5|  0.833|  3.9|   |H,76,87,103,108
RXCJ1332.9-2519|          | |13 32 55.8 -25 19 26|0.1199|  3|  3.427|  27.0|  1.212| 12.0|  1.237|  6.1|X  |E
RXCJ1333.6-3139|A3562     | |13 33 36.3 -31 39 40|0.0490|114| 24.485|   6.6|  1.357| 17.0|  1.475|  3.9|P  |1,141
RXCJ1333.6-2317|A1757     | |13 33 42.0 -23 17 02|0.1264|  4|  6.442|  15.0|  2.540| 12.0|  2.646|  7.1|   |H
RXCJ1336.6-3357|A3565     | |13 36 38.8 -33 57 30|0.0123| 45|  2.348|  18.0|  0.008|  9.5|  0.010|  4.1|   |146
RXCJ1337.4-4120|          | |13 37 28.1 -41 20 01|0.0519|  2|  4.813|  16.3|  0.303|  8.5|  0.344|  6.3|   |E
RXCJ1342.0+0213|A1773     | |13 42 05.5 +02 13 39|0.0765| 14|  5.788|  12.9|  0.808| 11.5|  0.860|  1.8|   |1,10
RXCJ1346.2-1632|          | |13 46 13.6 -16 32 42|0.0557|  1|  3.064|  16.8|  0.223|  6.0|  0.265|  7.5|   |E
RXCJ1346.8-3752|A3570     | |13 46 52.5 -37 52 28|0.0377|  8|  5.527|  33.8|  0.180| 14.0|  0.191|  4.4|   |4,12,113
RXCJ1347.2-3025|A3574W    | |13 47 12.3 -30 25 10|0.0145|  5|  2.479|  50.6|  0.012| 10.0|  0.014|  4.4|PX |12,64,74,103,107,112,114,115
RXCJ1347.4-3250|A3571     | |13 47 28.4 -32 50 59|0.0391| 84|115.471|  10.0|  3.996| 36.0|  4.206|  3.9|L  |146
RXCJ1347.5-1144|          | |13 47 30.0 -11 44 56|0.4516|  2|  6.468|  10.4| 38.732|  5.5| 44.520|  4.9|   |E
RXCJ1348.9-2526|A1791     | |13 48 55.8 -25 26 31|0.1269|  8|  3.842|  28.8|  1.536| 11.0|  1.584|  5.8|   |E
RXCJ1349.3-3018|A3574E    | |13 49 19.3 -30 18 34|0.0160| 55|  7.549|  25.0|  0.043| 20.0|  0.047|  4.4|PX |146
RXCJ1350.7-3343|          | |13 50 43.9 -33 43 17|0.1142|  1|  4.021|  17.3|  1.280|  7.0|  1.422|  4.8|   |E
RXCJ1352.2-0945|A1807     | |13 52 14.0 -09 45 33|0.2021|  2|  3.031|  16.6|  3.225| 10.0|  3.291|  3.5|   |E
RXCJ1353.4-2753|          | |13 53 29.3 -27 53 19|0.0468|  3|  4.993|  20.8|  0.253| 10.0|  0.281|  4.7|B  |E
RXCJ1401.6-1107|A1837     | |14 01 36.7 -11 07 28|0.0698| 38|  5.517|  13.4|  0.634|  9.5|  0.697|  4.7|   |1
RXCJ1403.5-3359|S0753     | |14 03 35.9 -33 59 16|0.0132| 12|  8.081|  14.4|  0.032| 17.0|  0.036|  5.6|   |5,91,98,109,114
RXCJ1407.4-2700|A3581     | |14 07 28.1 -27 00 55|0.0230| 24| 26.535|   5.8|  0.316| 15.0|  0.381|  4.3|   |E,146
RXCJ1408.1-0904|CAN 40    |b|14 08 07.0 -09 04 16|0.0354|  4|  4.781|  13.9|  0.137| 11.5|  0.151|  3.7|   |E,120
RXCJ1415.2-0030|A1882     | |14 15 14.2 -00 30 04|0.1403| 20|  4.217|  20.0|  2.063| 15.5|  2.063|  3.2|X  |55
RXCJ1416.8-1158|          | |14 16 51.5 -11 58 34|0.0982| 10|  3.976|  17.7|  0.931|  5.5|  1.108|  6.0|X  |16,31
RXCJ1421.9-2009|          | |14 21 57.3 -20 09 36|0.1208|  4|  3.078|  25.7|  1.115| 10.0|  1.149|  7.5|   |H
RXCJ1435.0-2821|A3605     | |14 35 00.6 -28 21 56|0.0689|  2|  4.358|  50.3|  0.491| 17.5|  0.496|  6.4|   |E
RXCJ1436.8-0900|          | |14 36 53.5 -09 00 13|0.0842|  2|  3.776|  30.3|  0.646|  5.0|  0.798|  6.2|   |E
RXCJ1455.2-3325|          | |14 55 13.9 -33 25 36|0.1158|  1|  3.815|  16.7|  1.252|  6.0|  1.423|  7.1|   |E
RXCJ1456.3-0549|A1994     | |14 56 19.6 -05 49 39|0.2200|  5|  3.059|  16.1|  3.900|  5.5|  4.333|  6.3|   |E
RXCJ1459.0-0843|          | |14 59 03.5 -08 43 30|0.1043|  3|  3.837|  16.0|  1.022|  8.5|  1.099|  7.1|   |E
RXCJ1459.4-1811|S0780     | |14 59 29.3 -18 11 13|0.2357|  2| 10.187|  18.0| 14.910| 11.5| 15.531|  7.8|   |E
RXCJ1501.1+0141|NGC5813   | |15 01 11.9 +01 41 53|0.0050|  6| 12.324|   6.3|  0.007|  8.5|  0.014|  4.2|   |12,15
RXCJ1504.1-0248|          | |15 04 07.7 -02 48 18|0.2153|  6| 22.111|   5.3| 26.389| 12.0| 28.073|  6.0|X  |E
RXCJ1506.4+0136|NGC5846   | |15 06 29.7 +01 36 08|0.0066|  8|  8.028|  13.8|  0.008| 13.0|  0.011|  4.2|   |48,64,123,125,126
RXCJ1511.5+0145|          | |15 11 33.5 +01 45 51|0.0384|  2|  2.459|  58.5|  0.084| 17.0|  0.085|  4.0|B  |E,123
RXCJ1512.2-2254|          | |15 12 12.6 -22 54 59|0.3152|  1|  3.452|  17.3|  9.371|  6.0| 10.186|  8.5|   |E
RXCJ1512.8-0128|          | |15 12 51.0 -01 28 47|0.1223|  2|  3.354|  18.5|  1.238|  5.5|  1.423|  5.2|   |E
RXCJ1514.9-1523|          | |15 14 58.0 -15 23 10|0.2226|  3|  5.270|  16.7|  6.802|  9.0|  7.160|  8.5|   |E
RXCJ1516.3+0005|A2050     | |15 16 19.2 +00 05 52|0.1181| 17|  4.956|  13.8|  1.697|  7.5|  1.886|  4.6|   |E,55
RXCJ1516.5-0056|A2051     | |15 16 34.0 -00 56 56|0.1198|  7|  3.918|  61.7|  1.383| 13.0|  1.397|  5.5|   |55
RXCJ1524.2-3154|          | |15 24 12.8 -31 54 14|0.1028|  6| 11.346|  15.4|  2.891| 11.0|  3.142|  8.3|   |E
RXCJ1539.5-8335|          | |15 39 33.9 -83 35 32|0.0728|  2| 16.844|   8.5|  2.102|  9.0|  2.502|  8.5|   |E
RXCJ1540.1-0318|A2104     | |15 40 07.5 -03 18 29|0.1533| 52|  7.434|  10.1|  4.375|  9.0|  4.704|  9.2|   |128
RXCJ1548.7-0259|A2128     | |15 48 45.9 -02 59 47|0.1010|  2|  3.943|  16.6|  0.980| 11.0|  1.021|  8.4|B  |111,116
RXCJ1558.3-1410|          | |15 58 23.2 -14 10 04|0.0970|  1| 14.131|   7.5|  3.181| 10.0|  3.574| 11.1|B  |117
RXCJ1615.7-0608|A2163     | |16 15 46.9 -06 08 45|0.2030|  1| 19.686|   6.4| 20.853|  9.5| 23.170| 12.3|   |118
RXCJ1633.8-0738|          | |16 33 53.9 -07 38 42|0.0974| 10|  3.445|  15.0|  0.793| 11.0|  0.818| 11.8|   |E
RXCJ1655.9-0113|          | |16 55 56.2 -01 13 45|0.0408|  1|  3.792|  33.0|  0.145| 15.0|  0.151|  8.0|   |93
RXCJ1657.7-0149|          | |16 57 45.4 -01 49 54|0.0313|  3|  4.194|  16.0|  0.094| 17.5|  0.097|  8.8|   |E
RXCJ1705.1-8210|S0792     | |17 05 10.3 -82 10 26|0.0737|  4|  7.092|  17.7|  0.916| 12.0|  0.974|  7.6|   |E
RXCJ1706.4-0132|Zw1703.8  |m|17 06 26.6 -01 32 23|0.0912|  4|  6.081|  19.5|  1.209|  9.5|  1.314| 10.2|   |E
RXCJ1840.6-7709|          | |18 40 37.2 -77 09 20|0.0194|  1| 10.295|  10.4|  0.087| 10.0|  0.112|  8.1|   |34
RXCJ1847.3-6320|S0805     | |18 47 20.0 -63 20 13|0.0146| 24|  5.968|  26.1|  0.029| 13.0|  0.034|  6.0|   |12
RXCJ1855.8-6654|          | |18 55 53.2 -66 54 48|0.1797|  2|  3.444|  25.2|  2.856|  8.5|  3.006|  6.1|   |E
RXCJ1912.6-7517|S0810     | |19 12 40.3 -75 17 30|0.0726| 13|  9.451|  18.1|  1.177| 10.5|  1.293|  6.7|B  |E
RXCJ1925.4-4256|A3638     | |19 25 29.6 -42 56 57|0.0774|  1|  6.550|  21.5|  0.938| 10.0|  1.020|  6.6|   |E,1,121
RXCJ1926.9-5342|          | |19 26 58.3 -53 42 11|0.0570|  2|  5.504|  26.6|  0.420|  4.0|  0.618|  3.9|   |E
RXCJ1928.2-5055|A3639     | |19 28 14.0 -50 55 48|0.1496| 10|  3.675|  19.7|  2.069|  6.5|  2.299|  5.3|   |133
RXCJ1931.6-3354|          | |19 31 38.7 -33 54 47|0.0972|  2|  6.392|  16.8|  1.456|  9.5|  1.583|  7.6|   |E
RXCJ1934.7-5053|S0821     | |19 34 47.3 -50 53 49|0.2371|  2|  4.040|  21.1|  6.035|  9.0|  6.286|  5.5|   |E
RXCJ1938.3-4748|          | |19 38 19.5 -47 48 16|0.2665|  1|  3.143|  20.6|  5.987|  8.0|  6.236|  6.1|   |E
RXCJ1946.5-4256|S0827     | |19 46 34.3 -42 56 32|0.1128|  4|  3.219|  20.8|  1.006|  9.0|  1.059|  5.9|   |E
RXCJ1947.3-7623|          | |19 47 19.3 -76 23 32|0.2170|  3|  3.527|  20.3|  4.335|  4.0|  5.287|  7.0|   |E
RXCJ1952.2-5503|A3651     | |19 52 16.5 -55 03 42|0.0600| 79|  7.498|  17.0|  0.635| 12.5|  0.683|  4.9|   |2
RXCJ1953.0-5201|A3653     | |19 53 00.9 -52 01 51|0.1069| 11|  5.838|  14.3|  1.629| 10.5|  1.733|  4.8|   |E
RXCJ1958.2-3011|          | |19 58 14.8 -30 11 22|0.1171|  4| 11.271|   9.5|  3.753| 12.0|  3.993|  8.4|X *|E
RXCJ1959.1-3454|A3654     | |19 59 10.7 -34 54 36|0.1728| 12|  3.103|  22.2|  2.373|  5.5|  2.666|  7.5|B  |E
RXCJ2003.5-2323|          | |20 03 30.4 -23 23 05|0.3171|  4|  3.124|  18.2|  8.601|  6.5|  9.248|  8.6|   |E
RXCJ2009.0-5421|S0849     | |20 09 04.0 -54 21 28|0.0516|  2|  3.140|  20.1|  0.196|  7.0|  0.228|  5.4|   |E
RXCJ2009.9-4823|S0851     | |20 09 54.1 -48 23 35|0.0097|  4|  3.390|  21.4|  0.007|  8.5|  0.010|  5.0|   |74,135,136
RXCJ2011.3-5725|          | |20 11 23.1 -57 25 39|0.2786|  5|  3.153|  23.0|  6.649|  6.0|  7.227|  3.3|   |E
RXCJ2012.0-4129|A3668     | |20 12 03.0 -41 29 30|0.1496|  4|  4.181|  16.0|  2.353|  8.5|  2.503|  5.0|   |E
RXCJ2012.5-5649|A3667     | |20 12 30.5 -56 49 55|0.0556|162| 70.892|   5.3|  5.081| 26.0|  5.405|  4.6|L  |2,3,138,140,141
RXCJ2014.2-8038|A3664     | |20 14 13.4 -80 38 30|0.1380|  8|  3.525|  19.9|  1.674|  7.0|  1.820|  9.9|P  |E
RXCJ2014.8-2430|          | |20 14 49.7 -24 30 30|0.1612|  2| 14.040|  13.4|  9.157|  6.5| 11.033|  7.4|   |E
RXCJ2016.2-8047|A3666     | |20 16 14.0 -80 47 57|0.1309|  2|  3.184|  20.3|  1.362|  6.5|  1.497|  9.9|P  |E
RXCJ2018.4-4102|IC4992    | |20 18 25.6 -41 02 48|0.0192|  2|  3.871|  16.6|  0.032|  9.5|  0.039|  4.7|   |5,15
RXCJ2018.7-5242|S0861     | |20 18 45.7 -52 42 22|0.0505| 13| 11.735|   9.6|  0.694| 14.0|  0.754|  4.7|   |E
RXCJ2020.8-3002|A3674     | |20 20 49.9 -30 02 01|0.2073|  5|  3.132|  28.4|  3.531|  9.5|  3.640|  6.7|   |E
RXCJ2021.9-5256|A3675     | |20 21 54.7 -52 56 52|0.1383|  3|  3.359|  16.5|  1.603| 11.5|  1.636|  4.3|   |E
RXCJ2023.0-2056|S0868     | |20 23 01.6 -20 56 55|0.0564|  2|  5.497|  17.8|  0.411|  8.5|  0.467|  5.6|   |E
RXCJ2023.4-5535|          | |20 23 24.5 -55 35 32|0.2320|  3|  3.351|  18.6|  4.788|  6.5|  5.204|  5.2|   |E
RXCJ2030.7-3532|          | |20 30 47.9 -35 32 40|0.1398|  2|  3.220|  20.4|  1.573|  7.0|  1.710|  3.9|   |E
RXCJ2031.8-4037|          | |20 31 51.5 -40 37 14|0.3416|  2|  3.310|  21.8| 10.715|  5.0| 12.039|  3.9|   |E
RXCJ2032.1-5627|A3685     | |20 32 08.8 -56 27 09|0.1380|  5|  3.668|  17.7|  1.742|  7.5|  1.893|  5.1|   |E
RXCJ2034.3-3429|A3693     | |20 34 19.5 -34 29 15|0.1240|  9|  4.385|  22.0|  1.668| 10.0|  1.756|  3.9|   |E,3
RXCJ2034.7-3404|A3694     | |20 34 42.1 -34 04 26|0.0936|  2|  8.730|  14.2|  1.835| 10.5|  1.995|  3.9|   |40
RXCJ2034.7-3548|A3695     | |20 34 47.9 -35 48 48|0.0894| 81| 16.940|  12.4|  3.206| 28.0|  3.238|  3.6|L  |2,140,141
RXCJ2034.9-2143|          | |20 34 55.8 -21 43 02|0.1947|  2|  3.310|  42.3|  3.244| 11.0|  3.277|  4.1|   |E
RXCJ2035.7-2513|A3698     | |20 35 44.3 -25 13 04|0.0200|  7|  2.388|  28.1|  0.022| 12.5|  0.024|  4.5|X  |146
RXCJ2043.2-2144|          | |20 43 12.6 -21 44 06|0.2041|  3|  3.628|  16.4|  3.930|  5.5|  4.416|  4.2|   |E
RXCJ2043.2-2629|S0894     | |20 43 14.4 -26 29 24|0.0408|  1|  4.647|  31.6|  0.178| 13.0|  0.189|  5.3|   |9,28
RXCJ2048.1-1750|A2328     | |20 48 10.6 -17 50 38|0.1475|  3|  5.930|  15.2|  3.215| 10.5|  3.349|  4.8|   |E
RXCJ2055.8-5455|A3718     | |20 55 51.5 -54 55 12|0.1390|  8|  4.087|  44.9|  1.960|  4.0|  2.481|  4.5|   |E
RXCJ2058.2-0745|A2331     | |20 58 15.2 -07 45 41|0.0793| 16|  3.486|  19.3|  0.530| 13.5|  0.541|  5.3|   |10
RXCJ2101.4-4100|S0915     | |21 01 28.1 -41 00 06|0.1694|  4|  3.112|  16.2|  2.278|  6.0|  2.531|  3.5|   |E
RXCJ2101.5-1317|          | |21 01 34.7 -13 17 31|0.0282|  2|  4.250|  20.7|  0.077| 10.0|  0.089|  4.1|   |E
RXCJ2101.8-2802|A3733     | |21 01 48.7 -28 02 06|0.0382| 91|  8.842|  11.5|  0.294| 20.0|  0.303|  6.9|L  |13,14,146
RXCJ2102.1-2431|RBS 1712  |c|21 02 09.9 -24 31 53|0.1880|  1|  5.238|  10.9|  4.718|  8.0|  5.073|  5.3|   |19,27,169
RXCJ2103.4-4319|A3736     | |21 03 26.0 -43 19 46|0.0487|  4|  4.599|  50.1|  0.253| 15.0|  0.264|  3.2|   |132
RXCJ2104.3-4120|A3739     | |21 04 20.1 -41 20 58|0.1651|  3|  5.988|  15.3|  4.093| 13.5|  4.134|  3.6|   |E
RXCJ2104.9-5149|          | |21 04 54.7 -51 49 35|0.0491|  1|  8.926|  12.3|  0.500| 11.0|  0.562|  3.1|   |5,145
RXCJ2104.9-8243|A3728     | |21 04 58.7 -82 43 22|0.0969|  4|  2.997|  20.1|  0.682|  6.0|  0.775|  8.2|   |E
RXCJ2106.0-3846|A3740     | |21 06 04.3 -38 46 21|0.1521|  2|  4.360|  14.1|  2.545|  9.0|  2.679|  3.8|DB |182
RXCJ2107.2-2526|A3744     | |21 07 12.3 -25 26 17|0.0381| 71|  4.854|  11.8|  0.162| 10.5|  0.180|  5.5|   |2
RXCJ2111.6-2308|AM2108    |n|21 11 39.9 -23 08 59|0.0333| 15|  2.472|  20.7|  0.063| 13.5|  0.066|  4.4|   |17
RXCJ2116.8-5929|S0927     | |21 16 48.5 -59 29 53|0.0602|  0|  4.534|  17.3|  0.388| 10.5|  0.417|  4.0|   |9
RXCJ2124.3-7446|          | |21 24 22.8 -74 46 25|0.0586|  2|  5.009|  19.8|  0.405|  8.0|  0.466|  5.8|   |E
RXCJ2125.2-0657|          | |21 25 12.4 -06 57 56|0.1153|  2|  3.285|  36.7|  1.076| 11.0|  1.109|  5.9|   |E
RXCJ2125.9-3443|A3764     | |21 25 55.0 -34 43 28|0.0757| 38|  2.931|  53.7|  0.404| 14.0|  0.408|  4.9|   |140,141
RXCJ2127.1-1209|A2345     | |21 27 11.0 -12 09 33|0.1760|  1|  5.271|  13.6|  4.154| 11.0|  4.282|  4.8|   |81
RXCJ2129.8-5048|A3771     | |21 29 51.0 -50 48 04|0.0796|  2|  5.051|  66.2|  0.767| 11.5|  0.807|  2.2|   |181,121
RXCJ2133.4-7156|          | |21 33 24.3 -71 56 09|0.0559|  2|  2.998|  23.1|  0.220|  8.5|  0.242|  2.0|   |E
RXCJ2134.2-1328|A2351     | |21 34 16.5 -13 28 48|0.0897|  2|  8.918|  13.8|  1.712|  7.5|  1.991|  5.2|B  |E
RXCJ2135.2+0125|A2355     | |21 35 17.2 +01 25 54|0.1244|  2|  4.493|  26.0|  1.721| 13.5|  1.738|  4.8|   |1
RXCJ2139.8-2228|S0963     | |21 39 51.8 -22 28 24|0.0328| 16|  3.154|  20.8|  0.078| 10.0|  0.087|  3.4|B  |E,25
RXCJ2143.9-5637|APMCC 699 |f|21 43 58.3 -56 37 35|0.0824|  2| 10.658|  10.2|  1.733| 13.0|  1.844|  3.4|   |E
RXCJ2145.9-1006|A2377     | |21 45 54.8 -10 06 16|0.0808|  1|  7.190|  41.6|  1.124| 12.5|  1.183|  4.0|P  |1,1
RXCJ2146.3-5717|A3806     | |21 46 20.9 -57 17 19|0.0760| 99|  7.072|  34.6|  0.974| 17.5|  0.994|  2.6|B  |2
RXCJ2146.9-4354|A3809     | |21 46 57.8 -43 54 36|0.0620| 94|  9.190|  11.0|  0.833| 14.0|  0.886|  1.8|B  |2
RXCJ2147.0-1019|          | |21 47 00.5 -10 19 04|0.0780|  2|  2.959|  18.1|  0.434|  5.5|  0.517|  4.0|PX |E
RXCJ2147.9-4600|S0974     | |21 47 55.5 -46 00 19|0.0593|  4|  6.906|  11.9|  0.573| 13.5|  0.603|  2.7|   |24,30,32
RXCJ2149.1-3041|A3814     | |21 49 07.4 -30 41 55|0.1184| 19|  6.182|  12.9|  2.117|  9.5|  2.276|  2.3|   |33,96
RXCJ2151.3-5521|          | |21 51 22.7 -55 21 12|0.0385| 31|  3.137|  19.4|  0.107| 13.0|  0.113|  2.9|B  |E,129
RXCJ2151.8-1543|A2382     | |21 51 52.9 -15 43 02|0.0614|  4|  4.028|  17.8|  0.359|  9.0|  0.395|  4.0|   |27,81
RXCJ2152.2-1942|A2384 (B) | |21 52 14.2 -19 42 20|0.0963|  4|  4.059|  30.0|  0.912|  6.0|  1.060|  3.0|PB |E
RXCJ2152.4-1933|A2384 (A) | |21 52 24.0 -19 33 54|0.0943|  1|  7.717|  20.0|  1.648|  8.5|  1.852|  3.0|PB |1
RXCJ2154.1-5751|A3822     | |21 54 09.2 -57 51 19|0.0760| 84| 15.994|   6.8|  2.185| 16.0|  2.300|  2.1|   |2
RXCJ2154.2-0400|A2389     | |21 54 12.1 -04 00 19|0.1509|  3|  3.540|  34.5|  2.031| 13.0|  2.052|  5.0|   |E
RXCJ2157.4-0747|A2399     | |21 57 25.8 -07 47 41|0.0579|  8|  5.851|  19.0|  0.462| 14.0|  0.481|  3.5|DB |E,10,122
RXCJ2158.3-2006|A2401     | |21 58 20.1 -20 06 16|0.0570| 23|  3.662|  19.0|  0.280| 11.0|  0.298|  2.6|   |2,3
RXCJ2158.4-6023|A3825     | |21 58 27.2 -60 23 58|0.0750| 61|  8.097|  10.3|  1.085| 13.0|  1.142|  2.8|   |3
RXCJ2158.5-0948|A2402     | |21 58 30.5 -09 48 28|0.0809|  1|  5.663|  12.2|  0.890| 10.0|  0.957|  4.0|   |111,157,181
RXCJ2201.8-2226|S0987     | |22 01 50.9 -22 26 40|0.0691| 10|  5.737|  15.0|  0.647| 14.0|  0.674|  2.6|   |S,24,33
RXCJ2201.9-5956|A3827     | |22 01 56.0 -59 56 58|0.0980| 20| 18.577|   6.3|  4.264| 11.5|  4.686|  2.8|   |3
RXCJ2202.0-0949|A2410     | |22 02 05.9 -09 49 28|0.0809| 10|  5.863|  13.6|  0.921| 13.5|  0.959|  4.2|D  |E,10
RXCJ2205.6-0535|A2415     | |22 05 40.5 -05 35 36|0.0582|  3| 14.289|  16.2|  1.135| 15.5|  1.207|  4.7|B  |E
RXCJ2209.3-5148|A3836     | |22 09 23.3 -51 48 54|0.1065|  2|  5.942|  15.6|  1.645| 13.5|  1.696|  2.1|   |E,29
RXCJ2210.3-1210|A2420     | |22 10 19.7 -12 10 34|0.0846|  9| 15.613|   7.5|  2.674| 11.0|  2.971|  3.9|   |S,10
RXCJ2211.7-0350|          | |22 11 43.4 -03 50 07|0.2700|  0|  3.326|  16.7|  6.528|  5.0|  7.418|  5.9|   |-
RXCJ2213.0-2753|          | |22 13 05.2 -27 53 59|0.0610|  6|  3.346|  26.8|  0.294| 10.0|  0.316|  1.4|   |S,96
RXCJ2214.5-1022|A2426     | |22 14 32.6 -10 22 18|0.0980| 15| 12.458|   8.7|  2.867| 12.5|  3.050|  3.9|   |S,2
RXCJ2216.2-0920|A2428     | |22 16 15.5 -09 20 24|0.0825|  2|  8.593|  10.1|  1.400|  8.5|  1.591|  4.5|   |S
RXCJ2216.9-1725|RBS 1842  |c|22 16 56.4 -17 25 34|0.1301|  2|  5.515|  14.5|  2.315| 11.0|  2.411|  2.3|X *|S
RXCJ2217.7-3543|A3854     | |22 17 43.3 -35 43 34|0.1486| 44|  6.406|  10.7|  3.535|  8.5|  3.842|  1.1|   |33,37,38
RXCJ2218.0-6511|RBS 1847  |c|22 18 05.6 -65 11 06|0.0951|  5|  9.021|   8.9|  1.953| 14.0|  2.034|  2.8|   |E
RXCJ2218.2-0350|MS2215    |o|22 18 17.1 -03 50 03|0.0901|  3|  9.355|  11.1|  1.813| 14.5|  1.889|  5.7|D  |S
RXCJ2218.6-3853|A3856     | |22 18 40.2 -38 53 51|0.1411| 10|  7.132|  10.2|  3.516|  9.0|  3.781|  1.3|   |16,31,33
RXCJ2218.8-0258|          | |22 18 49.1 -02 58 07|0.0902|  8|  4.044|  32.4|  0.790| 10.0|  0.840|  5.8|B  |E
RXCJ2220.5-3509|A3866     | |22 20 34.7 -35 09 54|0.1544|  1|  9.489|   8.8|  5.656|  8.5|  6.215|  1.1|X  |146
RXCJ2223.8-0138|A2440     | |22 23 53.0 -01 38 16|0.0906| 48|  9.875|  10.9|  1.929| 10.5|  2.097|  5.3|   |S,42
RXCJ2224.4-5515|APMCC 772 |f|22 24 27.5 -55 15 22|0.0791|  2|  5.965|  15.6|  0.894| 12.0|  0.941|  3.5|   |E
RXCJ2224.7-5632|S1020     | |22 24 43.6 -56 32 05|0.0355|  0|  3.057|  16.2|  0.089|  7.5|  0.105|  4.1|   |9
RXCJ2225.8-0636|A2442     | |22 25 51.0 -06 36 12|0.0897| 12|  5.129|  14.3|  0.991|  8.5|  1.089|  5.1|   |E
RXCJ2227.8-3034|A3880     | |22 27 52.4 -30 34 12|0.0579| 28| 10.035|   8.2|  0.789|  8.5|  0.939|  1.1|   |14,33
RXCJ2228.8-6053|          | |22 28 51.3 -60 53 56|0.0423|  2|  3.829|  15.5|  0.158| 13.0|  0.166|  2.2|   |E
RXCJ2234.5-3744|A3888     | |22 34 31.0 -37 44 06|0.1510| 70| 11.225|   8.9|  6.363|  7.5|  7.314|  1.2|X  |1,44
RXCJ2235.6+0128|A2457     | |22 35 40.6 +01 28 18|0.0594| 18| 11.139|  15.7|  0.924| 18.0|  0.953|  5.8|B  |10
RXCJ2243.0-2009|A2474     | |22 43 04.6 -20 09 59|0.1359|  3|  4.977|  40.0|  2.297| 14.5|  2.320|  2.6|   |E
RXCJ2246.3-5243|A3911     | |22 46 18.6 -52 43 46|0.0965|  2| 12.436|   9.7|  2.778| 26.0|  2.806|  1.5|L  |132
RXCJ2248.5-1606|A2485     | |22 48 32.9 -16 06 23|0.2472|  1|  3.063|  31.4|  4.998|  9.5|  5.100|  3.3|   |E
RXCJ2248.7-4431|S1063     | |22 48 43.5 -44 31 44|0.3475|  3|  8.590|  10.9| 28.939|  9.0| 30.786|  1.8|   |E
RXCJ2249.9-6425|A3921     | |22 49 57.0 -64 25 46|0.0940| 32| 14.033|   8.5|  2.948| 14.0|  3.103|  2.8|   |E,3
RXCJ2251.0-1624|A2496     | |22 51 00.6 -16 24 24|0.1221|  3|  5.238|  20.4|  1.917|  5.5|  2.282|  3.2|   |S
RXCJ2251.7-3206|          | |22 51 47.6 -32 06 12|0.2460|  1|  3.562|  18.8|  5.718|  6.5|  6.215|  1.4|X *|E
RXCJ2253.5-3343|A3934     | |22 53 34.2 -33 43 27|0.2240|  1|  3.036|  18.7|  4.008|  3.5|  5.010|  1.2|   |7,124
RXCJ2254.0-6315|AM2250    |p|22 54 03.2 -63 15 15|0.2112|  7|  4.714|  11.7|  5.490| 11.5|  5.602|  2.2|   |E
RXCJ2305.5-4513|A3970     | |23 05 34.6 -45 13 14|0.1253|  3|  4.327|  42.8|  1.683| 11.0|  1.735|  1.7|   |S
RXCJ2306.6-1319|          | |23 06 36.0 -13 19 12|0.0659|  2|  5.890|  34.4|  0.601| 15.0|  0.620|  3.1|   |E
RXCJ2307.2-1513|A2533     | |23 07 15.3 -15 13 42|0.1110|  1|  4.904|  26.1|  1.484|  6.0|  1.726|  2.8|   |19
RXCJ2308.3-0211|A2537     | |23 08 23.2 -02 11 31|0.2966|  2|  4.264|  14.3| 10.174| 13.5| 10.174|  4.3|   |S
RXCJ2312.3-2130|A2554     | |23 12 20.7 -21 30 02|0.1108| 35|  4.209|  24.1|  1.268|  4.5|  1.585|  2.0|   |38,127
RXCJ2313.0-2137|A2556     | |23 13 00.9 -21 37 55|0.0871|  9|  7.764|  18.0|  1.419|  7.0|  1.669|  2.0|   |S,127
RXCJ2313.9-4244|S1101     | |23 13 58.6 -42 44 02|0.0564|  4| 23.412|   7.2|  1.738| 12.0|  1.998|  1.9|   |S
RXCJ2315.7-3746|A3984     | |23 15 44.2 -37 46 56|0.1786|  3|  5.819|  20.5|  4.738|  8.0|  5.150|  1.5|   |S
RXCJ2315.7-0222|          | |23 15 45.2 -02 22 37|0.0267|  3|  8.332|  10.6|  0.134| 20.0|  0.141|  4.2|L  |S,27,51
RXCJ2316.1-2027|A2566     | |23 16 07.5 -20 27 19|0.0822| 11|  7.415|  18.2|  1.199|  9.0|  1.332|  2.1|   |S,127
RXCJ2319.2-6750|A3990     | |23 19 12.0 -67 50 24|0.0286|  0|  2.434|  14.5|  0.045| 10.5|  0.049|  2.8|D  |47
RXCJ2319.6-7313|A3992     | |23 19 41.8 -73 13 51|0.0984|  3|  3.993|  17.9|  0.937|  7.5|  1.030|  1.9|   |E
RXCJ2321.4-2312|A2580     | |23 21 24.3 -23 12 20|0.0890| 17|  3.270|  25.6|  0.621|  7.0|  0.690|  2.0|   |S,127
RXCJ2321.5-4153|A3998     | |23 21 33.4 -41 53 56|0.0894| 16|  8.720|  13.3|  1.662| 11.0|  1.787|  2.0|   |S,16,31,33,48
RXCJ2321.8-6941|A3995     | |23 21 48.6 -69 41 55|0.1846| 14|  4.334|  10.5|  3.815|  5.5|  4.385|  3.4|   |E
RXCJ2325.3-1207|A2597     | |23 25 20.0 -12 07 38|0.0852|  3| 20.558|   5.8|  3.556| 11.5|  3.996|  2.5|   |S,1
RXCJ2326.7-5242|          | |23 26 46.9 -52 42 36|0.1074|  3|  3.370|  20.3|  0.955| 11.0|  0.985|  1.6|   |E
RXCJ2331.2-3630|A4010     | |23 31 12.7 -36 30 24|0.0957| 30| 11.013|  22.1|  2.417|  9.5|  2.686|  1.4|   |E,140,141
RXCJ2336.2-3136|S1136     | |23 36 17.0 -31 36 37|0.0643|  2|  5.273|  20.5|  0.516| 12.0|  0.549|  1.2|   |15,52,26
RXCJ2337.6+0016|A2631     | |23 37 40.6 +00 16 36|0.2779|  5|  3.555|  19.8|  7.420| 10.0|  7.571|  3.8|   |55
RXCJ2340.1-8510|A4023     | |23 40 10.3 -85 10 42|0.1934|  3|  3.176|  18.9|  3.066|  8.5|  3.194|  7.5|   |E
RXCJ2341.2-0901|A2645     | |23 41 16.8 -09 01 39|0.2510|  5|  3.414|  26.1|  5.731| 11.5|  5.789|  2.5|   |1
RXCJ2344.2-0422|          | |23 44 16.0 -04 22 03|0.0786|  2| 12.638|   7.4|  1.855| 11.0|  2.061|  3.5|   |S
RXCJ2347.4-0218|HCG 97    | |23 47 24.4 -02 18 52|0.0223| 10|  2.629|  38.8|  0.030| 12.5|  0.033|  3.6|   |58,59
RXCJ2347.7-2808|A4038     | |23 47 43.2 -28 08 29|0.0300|157| 49.578|   3.8|  1.014| 22.5|  1.127|  1.5|L  |146
RXCJ2351.6-2605|A2667     | |23 51 40.7 -26 05 01|0.2264|  1|  9.295|  10.1| 12.422|  8.0| 13.651|  1.7|X  |S,65,129
RXCJ2354.2-1024|A2670     | |23 54 13.4 -10 24 46|0.0765|219|  9.622|  12.1|  1.337| 10.5|  1.469|  2.9|B  |66,86,105
RXCJ2357.0-3445|A4059     | |23 57 02.3 -34 45 38|0.0475| 45| 32.663|   5.5|  1.698| 24.0|  1.787|  1.1|L  |146
RXCJ2359.3-6042|A4067     | |23 59 19.2 -60 42 00|0.0989| 30|  4.544|  20.5|  1.080|  9.5|  1.149|  2.4|   |141
RXCJ2359.9-3928|A4068     | |23 59 55.7 -39 28 47|0.1024| 12|  5.024|  18.4|  1.279| 11.0|  1.346|  1.3|   |16,31,67
--------------------------------------------------------------------------------------------------------------------------------------------
